1E
29
00
16
20
30
55
18
10
80
E9
1F
10
06
26
04
13
09
0C
2C
38
50
A5
00
52
B5
50
15
40
45
EC
E8
C9
CC
CE
DC
10
10
28
2C
50
0D
2C
0B
50
5F
05
03
2C
57
25
42
32
22
2C
45
4F
53
41
00
50
00
32
10
20
40
40
4D
25
3C
28
03
31
20
31
00
75
10
00
44
81
C8
A0
EE
BB
00
FF
10
40
FF
09
FF
FE
00
E8
C7
1D
BC
00
07
00
00
00
00
00
00
00
00
00
60
44
70
70
92
B1
00
B0
A4
11
00
00
10
27
10
20
FF
4F
33
00
42
31
FF
03
00
10
00
08
22
01
20
00
00
00
C0
00
C0
C0
3F
11
BB
28
FF
31
00
0C
20
20
1A
41
FF
20
22
C5
00
01
05
06
02
11
10
C3
FF
0C
20
24
22
12
04
30
0C
FF
12
04
30
C0
FE
0C
20
C5
2C
FE
0C
20
24
22
12
04
30
0C
C5
1C
01
00
FE
C0
1C
10
C0
0C
00
FE
32
22
1A
41
FE
20
22
22
41
02
16
FF
29
11
05
16
31
00
6A
FE
54
30
00
1F
00
27
88
D0
0C
6F
6F
6F
66
03
BF
70
50
70
01
8F
54
70
0E
F0
0F
2C
72
0E
ED
2C
07
0C
02
0C
00
00
00
30
70
B0
F0
25
02
00
05
00
00
40
20
40
34
35
34
21
40
22
EF
CC
12
1E
20
22
18
DC
29
67
30
39
E1
A1
61
21
06
10
F0
02
10
22
3C
32
35
51
30
52
04
22
EF
CC
12
58
22
21
2B
DC
12
32
00
40
80
C0
18
01
28
1C
39
E1
A1
61
21
40
28
01
15
05
20
00
14
50
04
2F
2C
11
14
50
04
20
20
60
18
25
06
0C
01
28
02
00
40
20
40
34
51
30
25
15
15
10
50
F0
25
02
0C
29
F0
12
07
F1
51
11
19
F6
00
12
34
15
10
4D
70
31
31
DE
0A
25
10
10
29
31
01
F5
31
FC
38
79
18
6E
B0
59
97
A9
B4
49
0F
30
28
22
25
41
44
6A
01
06
28
08
29
31
0F
EF
1C
28
00
20
10
60
00
40
10
20
19
11
14
10
11
06
10
1C
12
14
10
32
37
20
10
10
20
21
30
22
10
2C
FF
10
50
10
15
10
38
10
50
90
D0
20
22
46
A4
36
37
74
18
1A
62
A1
23
10
3C
40
9F
00
35
24
03
02
23
02
23
34
00
24
30
70
20
47
48
94
93
49
22
80
25
23
EE
E0
D0
DF
46
35
00
44
99
03
00
28
75
19
22
22
55
8D
2C
93
46
66
66
24
34
5F
62
5C
00
53
8F
50
1A
13
18
B1
34
BF
1C
C0
23
25
DA
B0
DF
BD
53
33
22
00
20
11
30
21
33
20
20
20
00
02
01
B0
D0
BD
34
D1
91
51
11
39
10
2C
E9
40
80
28
37
25
25
24
24
22
00
00
11
1B
20
00
12
02
4F
23
00
35
20
32
FF
90
FF
27
FF
04
32
E6
70
24
B8
00
00
DA
00
19
71
31
10
26
04
00
32
21
74
00
FF
62
28
21
21
66
21
14
06
FF
10
25
24
44
36
10
00
43
04
20
F6
02
11
00
00
00
00
00
00
00
00
00
00
00
00
00
00
00
00
00
00
00
00
00
00
00
00
30
28
1C
39
41
01
15
24
25
F4
28
10
42
05
EA
12
00
1C
01
10
30
00
40
10
20
19
11
10
25
25
20
22
30
31
30
10
21
05
10
40
00
20
10
20
18
12
05
51
11
14
01
20
31
22
40
04
12
2C
04
14
2C
10
20
21
12
02
2A
2C
00
1C
01
10
30
69
66
00
75
72
20
00
61
6F
00
30
70
08
48
88
39
28
00
EC
00
11
00
31
50
09
00
78
10
0C
1D
79
39
F1
61
21
04
F3
35
0E
00
01
36
31
03
08
08
08
08
08
08
08
01
00
97
E6
00
00
30
30
06
63
00
00
00
00
00
00
00
00
40
03
AB
00
46
60
01
36
30
76
63
00
00
00
00
00
00
00
00
40
DC
1D
08
32
03
4B
30
70
B0
F0
38
78
02
05
05
D0
01
00
17
E6
00
37
20
0F
63
19
62
55
56
0E
1D
99
59
19
D1
91
51
11
4C
F4
07
40
E8
09
30
00
03
0F
01
04
00
00
00
00
0F
00
02
00
00
00
63
00
61
00
00
7C
63
84
00
00
00
00
00
00
00
00
01
20
60
00
00
01
F7
51
54
21
60
70
01
50
7F
60
70
01
0C
00
08
04
00
02
02
01
00
00
00
00
00
01
63
00
00
60
83
00
0D
F8
0D
60
00
01
60
00
15
04
00
2B
72
69
20
20
7A
18
0D
00
00
09
28
60
70
01
0C
00
60
08
08
08
64
67
00
80
0F
E1
30
70
28
68
01
49
D2
00
01
20
17
E6
20
10
41
11
41
0D
00
01
02
24
B8
3E
28
89
49
09
51
11
FF
02
00
52
00
00
48
44
44
44
55
45
10
71
62
0D
62
01
04
00
CD
30
12
1C
1F
06
08
32
20
21
21
25
02
40
11
3F
04
00
19
11
10
50
08
05
D0
30
10
71
60
0D
60
13
01
20
00
05
36
00
1D
4C
08
28
50
56
32
65
11
1D
39
D1
41
01
20
18
05
D0
10
21
3D
51
25
03
39
D1
01
00
31
0F
31
40
10
04
00
10
50
C8
10
72
24
40
77
06
10
00
00
03
FF
22
1D
68
03
33
20
00
7C
08
FF
19
41
01
00
00
00
00
00
30
38
30
42
C0
31
22
4C
24
24
2C
51
11
38
10
50
90
D0
00
20
00
03
50
51
04
2C
33
54
04
08
03
2C
20
24
24
28
03
2C
24
3C
0A
24
3C
C0
FC
12
10
32
5B
24
C9
E9
10
0B
62
6C
4C
4C
05
00
2F
37
00
60
01
67
83
50
4C
D1
91
51
11
39
00
5C
52
20
7C
05
26
7C
20
7C
E1
30
08
49
61
11
48
1D
00
3C
4C
02
06
09
31
0F
38
00
40
80
10
25
06
26
32
54
67
49
30
21
00
08
7C
A1
61
21
59
19
01
FF
35
20
32
FF
90
04
C0
04
0C
10
28
82
7C
7C
12
18
10
15
11
21
09
00
FE
29
08
30
4E
05
00
04
03
20
40
05
41
19
10
18
15
06
03
10
04
40
10
13
41
01
18
21
19
08
40
30
04
00
31
00
00
FB
01
08
40
30
04
00
31
00
00
FF
01
60
76
08
21
61
30
FF
FF
20
40
43
06
42
43
2E
31
08
40
30
04
00
30
00
00
FB
01
08
40
30
04
00
00
03
18
18
00
51
19
18
30
70
00
0B
00
64
24
51
11
0F
38
30
26
55
50
03
05
11
65
50
06
28
05
12
61
21
29
00
00
00
00
00
00
00
00
00
00
00
00
00
00
00
00
00
00
00
00
00
00
00
00
00
00
00
00
00
00
00
00
00
00
00
00
00
00
00
00
00
00
00
00
00
00
00
00
01
02
05
11
22
45
90
40
00
50
21
29
60
06
51
11
30
10
06
21
14
FB
63
21
10
50
18
21
32
5F
51
26
00
92
00
20
03
04
15
19
51
11
50
25
20
40
2C
21
00
11
00
32
23
23
73
40
77
C5
50
28
24
04
F7
A1
F2
5A
FC
20
66
71
00
00
04
10
40
43
00
02
FD
00
64
23
20
FF
5F
12
24
42
09
5F
15
74
34
59
01
70
20
30
04
00
00
31
23
56
50
26
FF
50
92
02
20
03
24
2C
50
92
02
03
24
20
20
26
22
27
20
47
30
00
21
1F
10
33
04
FC
00
37
65
64
65
F8
37
00
08
20
40
FF
40
50
16
C2
00
BB
94
40
10
32
A0
04
82
20
00
1F
43
1F
50
30
06
00
35
3C
33
33
77
01
33
25
12
7F
17
3F
1C
50
44
04
30
55
30
74
12
FF
30
45
86
80
07
01
00
23
FF
30
60
16
85
FF
FF
52
82
31
12
21
1F
BC
A0
D4
07
E4
14
31
20
10
00
B4
BB
21
8A
96
A4
42
28
99
94
29
5F
23
2D
C3
2B
01
23
30
60
45
56
20
80
AF
00
26
18
38
50
60
72
FF
E7
1F
00
33
00
42
64
02
1F
40
50
1F
2F
38
26
00
10
48
26
22
60
50
06
1F
01
62
62
10
17
40
60
46
00
46
00
78
01
50
2F
03
00
00
0F
00
1F
1F
01
70
11
11
30
01
08
00
78
05
00
1C
00
E3
35
FF
30
3F
04
40
06
06
06
06
06
06
06
06
60
97
E6
60
04
03
30
21
F6
06
06
06
06
06
06
06
06
06
06
FF
02
23
44
46
06
40
01
30
21
F6
06
06
06
06
06
06
06
06
06
FF
B1
00
01
60
60
10
17
13
30
51
0F
C8
50
76
FD
20
05
F0
04
03
20
00
20
E1
40
50
59
D8
08
08
00
0C
04
02
0F
04
00
00
00
63
00
61
00
00
7C
63
84
00
00
00
00
00
00
00
00
01
20
60
80
40
0C
28
05
00
0A
66
60
60
03
00
01
06
01
00
04
00
00
0C
0C
70
04
00
08
08
08
48
60
03
86
60
66
94
87
83
01
60
60
10
15
1F
D0
20
20
01
62
01
31
32
90
40
50
00
48
05
20
FF
02
00
52
00
00
48
44
44
44
55
45
60
17
C6
60
1F
10
31
FE
CF
02
F0
30
40
00
78
A3
93
9F
F0
01
83
99
00
00
10
10
01
10
34
00
00
6D
41
32
54
35
74
74
56
41
32
6E
30
46
33
73
65
36
36
36
36
36
36
36
00
00
78
78
36
30
00
65
69
2F
3A
4D
63
00
6F
6D
0A
0A
00
72
72
61
65
79
6D
63
3A
65
20
74
0A
64
6F
0A
64
6F
0A
70
73
63
69
73
3A
61
65
79
65
6F
20
00
00
00
00
00
00
00
00
00
00
00
00
00
00
00
00
00
00
00
00
00
00
00
00
00
00
00
00
00
00
00
00
4F
50
50
46
4C
08
0A
16
1A
24
26
3E
3E
3E
3E
3F
3F
00
00
00
00
00
00
00
32
00
00
00
32
00
00
00
32
00
00
00
32
00
00
00
32
00
00
00
01
00
00
00
01
00
00
00
32
00
00
00
32
00
00
00
32
00
00
00
72
00
00
00
32
00
FF
00
72
00
00
00
32
00
00
00
32
00
00
00
72
00
00
00
72
00
01
00
72
00
00
00
73
00
00
00
73
00
00
00
00
00
00
00
00
00
00
00
00
00
00
00
00
00
00
00
00
00
00
00
00
00
00
00
00
00
00
00
00
00
00
00
00
00
00
00
00
00
00
00
00
00
00
00
00
00
00
00
00
00
00
00
00
00
00
00
00
00
00
00
00
00
00
00
00
00
00
00
00
00
00
00
00
00
00
00
00
00
00
00
00
00
00
00
00
00
00
00
00
00
00
00
00
00
00
00
00
00
00
00
00
00
00
00
00
00
00
00
00
00
00
00
00
00
00
00
00
00
00
00
00
00
00
00
00
00
00
00
00
00
00
00
00
00
00
00
00
00
00
00
00
00
00
00
00
00
00
00
00
00
00
00
00
00
00
00
00
00
00
00
00
00
00
00
00
00
00
00
00
00
00
00
00
00
00
00
00
00
00
00
00
00
00
00
00
00
00
00
00
00
00
00
00
00
00
00
00
00
00
00
00
00
00
00
00
00
00
00
00
00
00
00
00
00
00
00
00
00
00
00
00
00
00
00
00
00
00
00
00
00
00
00
00
00
00
00
00
00
00
00
00
00
00
00
00
00
00
00
00
00
00
00
00
00
00
00
00
00
00
00
00
00
00
00
00
00
00
00
00
00
00
00
00
00
00
00
00
00
00
00
00
00
00
00
00
00
00
00
00
00
00
00
00
00
00
00
00
00
00
00
00
00
00
00
00
00
00
00
00
00
00
00
00
00
00
00
00
00
00
00
00
00
00
00
00
00
00
00
00
00
00
00
00
00
00
00
00
00
00
00
00
00
00
00
00
00
00
00
00
00
00
00
00
00
00
00
00
00
00
00
00
00
00
00
00
00
00
00
00
00
00
00
00
00
00
00
00
00
00
00
00
00
00
00
00
00
00
00
00
00
00
00
00
00
00
00
00
00
00
00
00
00
00
00
00
00
00
00
00
00
00
00
00
00
00
00
00
00
00
00
00
00
00
00
00
00
00
00
00
00
00
00
00
00
00
00
00
00
00
00
00
00
00
00
08
00
00
00
00
00
00
00
00
00
00
00
37
38
00
37
00
00
00
00
00
00
00
00
00
00
00
00
00
00
00
00
00
00
00
00
00
00
00
00
00
00
00
00
00
00
00
00
00
00
12
00
00
00
00
00
00
00
00
00
00
00
00
00
00
00
00
00
00
00
00
00
00
00
00
00
00
00
00
00
00
00
00
00
00
00
00
00
00
00
00
00
00
00
00
00
00
00
00
00
00
00
00
00
00
00
00
00
00
00
00
00
00
00
00
00
00
00
00
00
00
00
00
00
00
00
00
00
00
00
00
00
00
00
00
00
00
00
00
00
00
00
00
00
00
00
00
00
00
00
00
00
00
00
00
00
00
00
00
00
00
00
00
00
00
00
00
00
00
00
00
00
00
00
00
00
00
00
00
00
00
00
00
00
00
00
00
00
00
00
00
00
00
00
00
00
00
00
00
00
00
00
00
00
00
00
00
00
00
00
00
00
00
00
00
00
00
00
00
00
00
00
00
00
00
00
00
00
00
00
00
00
00
00
00
00
00
00
00
00
00
00
00
00
00
00
00
00
00
00
00
00
00
00
00
00
00
00
00
00
00
00
00
00
00
00
00
00
00
00
00
00
00
00
00
00
00
00
00
00
00
00
00
00
00
00
00
00
00
00
00
00
00
00
00
00
00
00
00
00
00
00
00
00
00
00
00
00
00
00
00
00
00
00
00
00
00
00
00
00
00
00
00
00
00
00
00
00
00
00
00
00
00
00
00
00
00
00
00
00
00
00
00
00
00
00
00
00
00
00
00
00
00
00
00
00
00
00
00
00
00
00
00
00
00
00
00
00
00
00
00
00
00
00
00
00
00
00
00
00
00
00
00
00
00
00
00
00
00
00
00
00
00
00
00
00
00
00
00
00
00
00
00
00
00
00
00
00
00
00
00
00
00
00
00
00
00
00
00
00
00
00
00
00
00
00
00
00
00
00
00
00
00
00
00
00
00
00
00
00
00
00
00
00
00
00
00
00
00
00
00
00
00
00
00
00
00
00
00
00
00
00
00
00
00
00
00
00
00
00
00
00
00
00
00
00
00
00
00
00
00
00
00
00
00
00
00
00
00
00
00
00
00
00
00
00
00
00
00
00
00
00
00
00
00
00
00
00
00
00
00
00
00
00
00
00
00
00
00
00
00
00
00
00
00
00
00
00
00
00
00
00
00
00
00
00
00
00
00
00
00
00
00
00
00
00
00
00
00
00
00
00
00
00
00
00
00
00
00
00
00
00
00
00
00
00
00
00
00
00
00
00
00
00
00
00
00
00
00
00
00
00
00
00
00
00
00
00
00
00
00
00
00
00
00
00
00
00
00
00
00
00
00
00
00
00
00
00
00
00
00
00
00
00
00
00
00
00
00
00
00
00
00
00
00
00
00
00
00
00
00
00
00
00
00
00
00
00
00
00
00
00
00
00
00
