1F
00
21
00
09
21
15
10
00
FF
F8
10
24
22
60
01
2C
10
05
04
50
20
50
A6
30
55
52
00
41
C8
90
EA
28
E0
AF
40
40
BF
D1
03
50
52
05
03
2C
F0
0E
2C
03
03
08
47
21
3C
08
40
40
45
40
50
05
40
20
D8
14
40
40
45
45
08
32
2C
21
10
39
FF
25
E5
10
31
6D
A2
81
C1
88
DD
01
00
24
30
00
19
FF
FF
04
0C
04
DC
2A
FF
CC
00
00
00
00
00
00
00
00
00
76
51
80
74
75
D7
C0
A0
01
29
11
05
20
04
B0
22
00
40
FF
43
23
06
00
11
D0
FF
D2
1D
22
00
FF
93
00
21
00
0C
F5
00
10
71
01
B8
01
C5
06
B3
32
7A
13
FF
6A
29
FF
C0
01
05
05
06
10
FF
1C
1C
12
04
30
C0
FF
0C
20
C5
2C
FF
0C
20
24
22
12
04
30
0C
FF
12
04
30
C0
FE
0C
20
C5
2C
C0
1C
10
22
C5
1C
01
C5
1F
FE
0C
20
20
00
13
FF
6A
29
FE
38
C3
54
22
00
03
02
10
1C
00
20
FF
43
05
ED
7E
01
B0
BC
84
C1
B0
6F
6F
60
DD
40
8B
4B
54
07
00
43
72
07
E7
FC
00
2C
07
00
2C
72
C0
0C
C1
00
00
00
10
50
90
D0
28
20
FF
01
28
0C
00
32
48
49
36
31
34
40
25
70
B3
58
11
96
20
11
24
25
22
05
10
19
C1
81
41
01
0C
29
F0
02
22
35
31
24
34
15
45
21
25
70
B3
58
D5
22
22
1B
29
15
0E
12
20
60
A0
E0
38
05
10
20
19
C1
81
41
01
01
1C
28
1C
00
FF
15
25
21
19
2B
2C
15
25
21
06
00
40
80
38
00
50
11
05
00
10
00
32
48
49
36
55
45
05
15
1B
30
70
28
20
0C
10
F0
02
00
29
71
31
0F
00
50
F3
60
00
14
10
39
31
00
21
38
21
17
29
79
18
6E
00
F5
24
29
F5
29
31
90
58
4A
A9
B0
A9
A1
10
50
25
21
32
43
0F
01
01
17
0A
2C
51
11
00
10
01
1C
04
0D
68
50
20
28
1C
39
31
0F
21
15
22
05
16
21
00
10
EA
21
23
E4
30
1C
19
01
00
20
2D
FF
05
16
1C
14
10
EA
58
30
70
B0
F0
35
35
84
36
37
14
84
19
91
16
AA
2B
3A
5A
06
36
03
00
37
00
37
20
36
20
24
36
30
02
20
04
20
46
83
48
56
00
85
80
E0
40
E0
40
D0
15
03
33
88
55
50
56
56
2C
21
2A
56
94
2C
F0
48
80
83
87
00
23
5A
5A
55
33
78
87
05
BC
83
B2
B2
10
B2
0C
34
C0
3F
A3
C1
D3
37
13
28
FF
02
00
90
FF
5E
37
20
20
22
00
00
5F
C1
DC
0A
F1
B1
71
31
59
0F
2A
A0
20
60
08
58
13
24
25
24
00
01
02
1B
00
00
42
10
01
02
06
20
FF
53
42
05
FF
96
FF
88
42
32
01
60
47
48
04
00
8E
00
49
91
51
11
2F
24
3F
10
FF
14
23
54
21
00
20
1A
84
00
22
28
04
06
30
20
37
26
47
FF
24
4A
40
34
24
31
00
00
00
00
00
00
00
00
00
00
00
00
00
00
00
00
00
00
00
00
00
00
00
00
10
50
10
20
19
21
30
31
24
23
21
00
09
52
30
20
05
10
40
00
20
10
20
28
1C
39
31
0F
25
24
20
14
F2
21
10
EC
33
12
00
1C
01
10
30
00
40
38
00
29
31
0F
40
13
21
40
2A
11
2C
04
13
2C
04
05
32
32
23
30
46
10
05
10
40
00
20
10
6E
64
20
6D
00
6F
65
6E
63
10
50
E0
28
68
01
00
05
E0
11
60
11
30
01
0C
02
03
78
66
28
99
59
19
81
41
01
04
51
33
EC
30
3F
04
40
06
06
06
06
06
06
06
06
90
71
60
0E
60
04
80
62
3F
03
06
06
06
06
06
06
06
3E
08
0F
28
04
4C
80
3F
40
63
3F
03
06
06
06
06
06
06
06
3E
08
00
42
23
4C
4B
10
50
90
D0
18
58
98
50
28
00
DC
10
71
60
0D
60
11
01
40
23
58
24
76
FD
08
22
79
39
F1
B1
71
31
0F
4C
40
02
09
40
01
E1
40
50
59
D8
08
08
00
0C
04
02
0F
04
00
00
62
66
60
04
61
66
74
21
61
06
06
06
06
06
06
06
6E
66
94
0D
66
87
78
42
50
0F
00
01
60
60
03
00
01
60
0A
20
04
00
00
09
05
00
0F
67
04
04
04
6F
66
06
67
6F
80
F8
40
0C
05
60
7D
61
10
00
0D
05
00
28
65
79
00
75
65
00
00
00
0D
00
0F
00
01
60
0A
20
04
04
00
00
00
00
03
6F
60
FF
10
50
08
48
88
25
20
DC
28
10
71
62
0D
62
01
31
2D
54
40
3F
50
00
48
05
01
2C
69
29
71
31
0F
00
01
24
20
00
02
48
48
48
00
54
01
20
17
E6
20
40
10
04
00
10
18
00
1C
1F
05
04
00
39
D8
23
20
06
0C
13
08
2C
00
31
0F
30
70
28
00
DC
01
00
17
E6
00
17
11
44
50
2F
04
36
08
47
42
4C
53
20
65
00
05
08
65
19
61
21
00
D0
38
00
DC
1C
12
11
15
32
06
19
21
30
01
07
32
E8
01
04
00
EA
30
70
37
C1
26
24
10
00
0C
FF
34
75
03
FF
08
72
6C
45
04
FF
24
02
6C
FF
61
21
00
00
00
00
00
10
50
49
23
08
24
03
24
C0
24
28
39
31
0F
58
30
70
B0
F0
0C
1D
22
40
53
04
08
30
40
51
04
2C
05
3C
22
43
04
2C
09
3C
04
22
2C
25
22
DC
40
04
20
40
20
25
D9
F9
58
03
05
0D
2D
03
6C
4C
4C
05
40
78
4C
29
22
4C
F1
B1
71
31
59
0F
10
78
72
03
5C
7C
04
04
04
03
10
50
28
00
06
6E
32
26
08
08
5F
61
29
51
11
18
58
20
60
A0
01
00
0C
28
23
42
62
01
21
FF
20
1D
03
81
41
01
39
0F
02
FF
53
42
05
FF
96
A6
41
D8
28
6C
52
25
29
03
CF
38
11
01
FF
10
11
30
01
09
10
30
01
00
00
10
00
23
42
FF
21
0F
30
11
30
44
B8
42
44
41
0E
01
21
10
00
21
11
00
30
50
05
00
04
04
05
41
09
00
30
50
05
00
04
04
05
41
09
80
63
78
81
10
10
5C
05
23
24
4A
21
14
04
01
11
00
30
50
05
00
04
04
05
41
09
00
30
50
05
00
30
14
14
05
20
31
0F
10
50
71
10
00
00
05
71
31
19
18
10
50
11
25
60
48
55
10
3F
43
33
04
11
00
41
01
09
00
00
00
00
00
00
00
00
00
00
00
00
00
00
00
00
00
00
00
00
01
02
04
08
16
33
67
34
68
36
73
47
94
89
79
59
19
38
77
55
11
23
46
93
86
72
44
88
76
53
06
13
27
54
20
60
3C
66
04
05
16
61
31
10
50
19
11
30
03
4F
41
0F
30
80
00
31
42
62
82
25
50
25
1F
30
20
2C
26
81
31
0F
92
00
3C
22
23
22
25
03
82
33
4F
60
07
77
97
70
50
02
52
38
28
65
0C
38
EE
33
1F
60
0A
0A
00
E1
4F
20
01
E8
00
11
25
32
12
00
21
71
20
15
21
04
12
22
01
13
09
00
43
21
1F
49
21
30
44
62
72
82
00
5F
59
1F
30
21
00
0E
5F
59
00
21
F4
2C
15
42
2C
32
36
B3
71
9B
24
1F
14
00
30
00
13
65
64
64
65
00
73
50
30
00
06
00
24
B0
20
FF
B0
00
A0
14
14
00
9A
96
C2
22
01
25
30
10
37
60
03
33
37
3D
33
00
72
40
21
10
FF
15
9F
00
44
04
20
20
25
30
30
00
46
FF
55
24
A6
86
E9
00
13
12
00
90
94
25
30
FF
FF
3C
92
92
9F
30
CE
2B
E0
FF
E4
23
31
23
32
12
FF
00
00
80
1F
7F
62
96
94
1F
95
50
D5
10
26
FB
10
20
30
20
56
60
46
02
84
42
00
10
24
40
55
70
EE
00
00
B9
21
42
94
F3
03
00
00
24
00
76
02
02
12
26
18
00
12
31
23
55
00
94
60
17
E6
60
11
2F
00
04
F4
FF
60
70
32
00
0F
28
D8
2E
12
05
1F
10
00
11
60
00
31
30
02
03
78
66
19
1F
30
51
33
00
01
36
31
03
08
08
08
08
08
08
08
01
60
60
90
97
30
3E
6F
63
03
08
08
08
08
08
08
08
01
60
03
00
28
2B
40
04
83
34
3F
63
63
03
08
08
08
08
08
08
08
01
FF
D0
60
59
60
17
E6
60
10
22
00
48
58
44
55
56
03
02
42
F3
03
61
02
01
30
00
03
0F
01
04
00
00
00
00
0F
00
02
00
00
00
62
66
60
04
61
66
74
21
61
06
06
06
06
06
06
06
6E
66
94
90
00
0D
73
45
7F
00
80
70
01
50
7F
60
00
E6
00
04
08
08
00
00
00
60
84
06
06
06
06
60
64
21
00
00
78
00
01
BF
60
17
E6
60
00
00
10
71
61
20
10
41
11
54
01
00
02
24
B8
3E
1F
00
01
24
20
00
02
48
48
48
00
54
01
62
62
10
20
11
10
E7
C2
00
50
F8
40
44
66
94
2A
84
F8
00
1F
E8
90
00
00
00
00
05
20
1F
00
74
00
32
00
48
00
37
69
53
46
79
20
31
32
72
20
00
00
00
00
00
00
00
46
32
36
30
30
78
32
4C
6C
20
35
32
61
6B
74
72
72
0A
48
61
6D
00
64
65
00
20
74
0A
6D
63
3A
65
72
20
65
72
20
69
65
00
20
79
61
0A
64
65
00
6E
63
00
00
00
00
00
00
00
00
00
00
00
00
00
00
00
00
00
00
00
00
00
00
00
00
00
00
00
00
00
00
00
00
52
4F
50
46
53
42
0D
0E
16
1F
23
3E
3E
3E
3E
3F
3F
00
00
00
00
00
00
00
00
00
00
00
FF
00
00
00
FF
00
00
00
02
00
00
00
00
00
00
00
00
00
00
00
02
00
00
00
00
00
00
00
00
00
00
00
00
00
00
00
00
00
00
00
00
00
00
00
00
00
00
00
00
00
00
00
00
00
00
00
00
00
00
00
01
00
00
00
00
00
00
00
00
00
00
00
00
00
00
00
00
00
00
00
00
00
00
00
00
00
00
00
00
00
00
00
00
00
00
00
00
00
00
00
00
00
00
00
00
00
00
00
00
00
00
00
00
00
00
00
00
00
00
00
00
00
00
00
00
00
00
00
00
00
00
00
00
00
00
00
00
00
00
00
00
00
00
00
00
00
00
00
00
00
00
00
00
00
00
00
00
00
00
00
00
00
00
00
00
00
00
00
00
00
00
00
00
00
00
00
00
00
00
00
00
00
00
00
00
00
00
00
00
00
00
00
00
00
00
00
00
00
00
00
00
00
00
00
00
00
00
00
00
00
00
00
00
00
00
00
00
00
00
00
00
00
00
00
00
00
00
00
00
00
00
00
00
00
00
00
00
00
00
00
00
00
00
00
00
00
00
00
00
00
00
00
00
00
00
00
00
00
00
00
00
00
00
00
00
00
00
00
00
00
00
00
00
00
00
00
00
00
00
00
00
00
00
00
00
00
00
00
00
00
00
00
00
00
00
00
00
00
00
00
00
00
00
00
00
00
00
00
00
00
00
00
00
00
00
00
00
00
00
00
00
00
00
00
00
00
00
00
00
00
00
00
00
00
00
00
00
00
00
00
00
00
00
00
00
00
00
00
00
00
00
00
00
00
00
00
00
00
00
00
00
00
00
00
00
00
00
00
00
00
00
00
00
00
00
00
00
00
00
00
00
00
00
00
00
00
00
00
00
00
00
00
00
00
00
00
00
00
00
00
00
00
00
00
00
00
00
00
00
00
00
00
00
00
00
00
00
00
00
00
00
00
00
00
00
00
00
00
00
00
00
00
00
00
00
00
00
00
00
00
00
00
00
00
00
00
00
00
00
00
00
00
00
00
00
00
00
00
00
00
00
00
00
00
00
00
00
00
00
00
00
00
00
00
00
00
00
00
00
00
00
00
00
00
00
00
00
00
00
00
00
00
00
00
00
00
00
00
00
00
00
00
00
00
00
00
00
00
00
00
00
00
00
00
00
00
00
00
00
00
00
00
00
00
00
00
00
00
00
00
00
00
00
00
00
00
00
00
00
00
00
00
00
00
00
00
00
00
00
00
00
00
00
00
00
00
00
00
00
00
00
00
00
00
00
00
00
00
00
00
00
00
00
00
00
00
00
00
00
00
00
00
00
00
00
00
00
00
00
00
00
00
00
00
00
00
00
00
00
00
00
00
00
00
00
00
00
00
00
00
00
00
00
00
00
00
00
00
00
00
00
00
00
00
00
00
00
00
00
00
00
00
00
00
00
00
00
00
00
00
00
00
00
00
00
00
00
00
00
00
00
00
00
00
00
00
00
00
00
00
00
00
00
00
00
00
00
00
00
00
00
00
00
00
00
00
00
00
00
00
00
00
00
00
00
00
00
00
00
00
00
00
00
00
00
00
00
00
00
00
00
00
00
00
00
00
00
00
00
00
00
00
00
00
00
00
00
00
00
00
00
00
00
00
00
00
00
00
00
00
00
00
00
00
00
00
00
00
00
00
00
00
00
00
00
00
00
00
00
00
00
00
00
00
00
00
00
00
00
00
00
00
00
00
00
00
00
00
00
00
00
00
00
00
00
00
00
00
00
00
00
00
00
00
00
00
00
00
00
00
00
00
00
00
00
00
00
00
00
00
00
00
00
00
00
00
00
00
00
00
00
00
00
00
00
00
00
00
00
00
00
00
00
00
00
00
00
00
00
00
00
00
00
00
00
00
00
00
00
00
00
00
00
00
00
00
00
00
00
00
00
00
00
00
00
00
00
00
00
00
00
00
00
00
00
00
00
00
00
00
00
00
00
00
00
00
00
00
00
00
00
00
00
00
00
00
00
00
00
00
00
00
00
00
00
00
00
00
00
00
00
00
00
00
00
00
00
00
00
00
00
00
00
00
00
00
00
00
00
00
00
00
00
00
00
00
00
00
00
00
00
00
00
00
00
00
00
00
00
00
00
00
00
00
00
00
00
00
00
00
00
00
00
00
00
00
00
00
00
00
00
00
00
00
00
00
00
00
00
00
00
00
00
00
00
00
00
00
00
00
00
00
00
00
00
00
00
00
00
00
00
00
00
00
00
00
00
00
00
00
00
00
00
00
00
00
00
00
00
00
00
00
00
00
00
00
00
00
00
00
00
00
00
00
00
00
00
00
00
00
00
00
00
00
00
00
00
00
00
00
00
00
00
00
00
00
00
00
00
00
00
00
00
00
00
00
00
00
00
00
00
00
00
00
00
00
00
00
00
00
00
00
00
00
00
00
00
00
00
00
00
00
00
00
00
00
00
00
00
00
00
00
00
00
00
00
00
00
00
00
00
00
00
00
00
00
00
00
00
00
00
00
00
00
00
00
00
00
00
00
00
00
00
00
00
00
00
00
00
00
00
00
00
00
00
00
00
00
00
00
00
00
00
00
00
00
00
00
00
00
00
00
00
00
00
00
00
00
00
00
00
00
00
00
00
