02
00
0B
06
29
10
2F
00
10
E0
90
16
00
01
2C
09
06
51
04
0A
02
23
05
BA
BB
01
50
B5
70
84
40
39
E6
E2
CE
4A
CE
00
10
10
00
54
04
08
03
50
51
00
2C
05
3C
22
43
04
2C
51
51
40
40
45
40
48
55
42
10
12
48
41
40
25
04
22
2C
33
25
33
01
95
20
10
24
98
D7
B0
E3
CC
12
10
24
6A
10
8C
10
FF
C9
1F
02
2F
23
10
69
00
00
00
00
00
00
00
00
05
40
64
27
80
15
C5
50
BC
A6
B1
16
00
01
12
01
20
10
22
34
43
29
2F
18
10
20
1D
23
03
2C
10
31
31
01
11
0C
00
2C
0C
09
68
10
81
10
36
0C
30
30
20
36
43
20
20
10
12
0C
0B
05
06
68
10
21
11
1C
59
21
C5
10
00
1C
23
20
10
00
1C
23
2C
1C
59
21
C0
22
1C
59
21
C5
10
00
1C
23
20
06
16
90
20
01
10
1C
21
0C
18
C0
00
68
10
36
43
20
20
10
6A
44
55
78
10
0E
30
00
1C
93
C0
00
0A
51
3C
C0
1F
C0
77
74
DB
C0
BC
10
70
D1
01
20
27
5D
03
10
4B
5D
00
70
CD
18
C0
00
40
5F
20
E9
20
D8
06
00
00
00
40
80
C0
18
25
00
29
F0
02
22
35
31
24
34
15
45
21
19
60
80
E3
0F
E1
22
22
1B
29
15
0E
30
29
D1
91
51
11
0C
11
05
00
00
40
20
40
34
35
34
21
19
60
80
E3
0F
20
22
18
DC
29
67
10
10
50
90
D0
28
F0
02
00
29
D1
91
51
11
19
F3
00
12
05
22
00
10
55
40
20
11
00
10
55
19
2B
30
70
28
20
0C
10
F0
02
0C
22
35
31
24
34
35
34
34
10
10
20
60
18
25
06
11
01
28
1C
39
81
41
01
01
1C
28
1C
05
10
10
5C
80
18
10
10
24
29
21
24
17
33
10
10
09
25
10
25
34
C6
48
A1
BB
BC
AB
B1
00
40
38
2C
19
41
20
04
02
32
22
03
61
21
01
60
50
01
30
00
10
50
10
18
12
05
41
01
10
31
2A
05
10
40
14
10
10
11
35
EB
20
12
03
11
29
22
03
00
05
10
01
00
10
10
48
20
60
A0
E0
30
14
74
43
83
A3
17
93
20
12
A6
21
0A
00
93
40
35
03
20
04
00
24
00
24
30
20
20
24
35
00
34
40
37
86
5F
10
83
36
E5
22
E0
34
DF
42
00
36
80
62
06
56
75
05
2C
2C
2C
94
03
05
37
60
37
46
10
20
52
3F
56
33
99
8E
C0
B2
30
BC
1D
34
16
BC
34
C0
42
34
7B
DF
BC
5A
43
55
13
00
1C
30
90
43
55
10
31
3C
09
20
7B
D0
BC
A3
C1
81
41
79
29
14
A6
10
50
90
48
25
14
15
14
34
08
03
00
00
52
40
10
30
21
00
01
10
05
04
05
18
92
10
82
20
24
B8
04
26
32
06
00
90
09
59
09
61
21
00
25
04
20
42
70
40
50
50
15
67
62
62
10
16
14
D8
00
20
37
40
38
32
20
44
4F
06
45
43
41
0F
00
00
00
00
00
00
00
00
00
00
00
00
00
00
00
00
00
00
00
00
00
00
00
00
40
38
00
29
31
0F
25
24
20
14
F1
21
10
11
24
1C
10
1C
10
25
10
10
18
12
05
41
01
15
24
25
F4
28
10
42
3F
30
12
05
16
01
15
30
DC
30
28
1C
39
41
01
15
41
32
23
17
50
10
41
46
10
41
46
15
38
22
10
45
22
06
10
1C
10
25
10
65
75
6F
68
0D
72
69
20
6A
00
40
80
18
58
98
61
1A
E0
EC
11
1E
10
40
3F
50
66
48
05
01
2C
69
29
E1
51
11
00
F3
36
01
20
40
00
01
00
00
00
00
00
00
00
00
0E
60
00
01
60
04
03
30
21
F6
06
06
06
06
06
06
06
06
06
06
FF
44
46
06
40
01
30
21
F6
06
06
06
06
06
06
06
06
06
D9
48
04
3C
4C
00
40
80
C0
08
48
88
0C
00
05
D6
0D
60
00
01
60
10
22
00
48
58
44
65
50
11
28
89
49
09
C1
81
41
01
42
F3
03
41
00
20
EA
00
D8
00
03
08
04
00
05
0F
04
00
00
02
00
D8
00
6F
66
20
60
70
06
67
06
06
06
06
06
06
06
06
60
66
01
80
40
0C
28
05
00
0A
66
00
E6
01
70
66
00
E6
00
04
08
08
00
00
00
60
84
06
06
06
06
60
64
21
00
00
78
00
01
BE
10
71
60
0D
60
01
10
01
01
69
61
74
6E
72
00
00
10
01
02
01
0F
66
00
E6
00
00
46
00
00
00
0C
06
00
60
00
00
40
D0
38
78
13
25
D6
00
0D
62
20
01
60
30
81
21
4D
90
50
09
04
72
0F
0C
22
79
39
D1
41
01
3F
00
02
00
00
00
44
44
44
00
50
E9
60
7D
61
10
00
0D
02
02
00
08
1C
12
1F
01
1D
3C
10
33
30
25
10
21
20
1D
22
02
09
01
20
60
18
05
D6
32
60
7D
61
10
00
10
42
60
30
00
D8
2F
23
48
03
0D
42
05
05
2F
3C
3C
29
71
31
0F
30
28
05
D6
12
2D
33
10
39
28
29
31
0F
00
01
30
30
00
10
01
01
20
60
25
12
20
24
54
10
0C
02
65
04
07
18
25
77
62
6C
00
25
08
20
03
18
71
31
0F
00
00
00
00
00
40
C8
36
1D
50
4C
24
03
20
05
C9
41
01
48
20
60
A0
E0
02
6D
30
2C
54
0D
2C
0B
2C
52
45
03
2C
47
24
42
32
22
2C
42
32
28
03
08
28
C2
90
41
31
33
52
22
03
01
48
42
4C
4C
05
0E
2E
04
6C
01
83
50
04
62
05
6C
7F
C1
81
41
01
29
40
67
62
22
04
04
25
06
22
08
00
40
18
65
00
00
63
20
50
4C
24
06
39
61
21
08
48
10
50
90
10
20
0C
20
30
20
78
13
01
02
4F
04
08
91
51
11
49
09
20
10
05
04
05
18
92
A0
10
00
0A
04
52
80
80
08
11
28
00
10
16
28
20
00
11
19
18
40
30
03
B8
09
00
26
46
18
31
09
20
10
24
40
42
13
41
44
11
04
31
0F
25
15
21
18
50
4E
14
00
00
10
00
51
19
18
50
4E
14
00
00
10
00
51
19
70
81
87
04
0F
40
10
12
31
46
34
07
32
14
13
21
18
50
4E
10
00
00
10
00
51
19
18
50
4E
49
00
04
10
10
04
05
41
09
00
40
26
11
4C
01
29
7F
41
01
08
00
40
00
52
35
00
0E
21
64
2F
01
50
30
F9
51
11
19
00
00
00
00
00
00
00
01
02
05
10
20
40
81
63
27
55
10
21
42
85
71
43
86
72
44
88
77
54
09
18
36
72
45
91
83
67
34
69
38
77
55
11
22
44
88
76
53
06
13
26
52
04
09
10
50
1D
66
21
04
FB
12
41
0F
40
40
00
04
31
36
51
11
20
60
25
12
23
25
26
22
54
5F
02
10
40
24
21
91
41
01
26
19
00
20
2C
26
35
21
11
34
24
10
75
9F
90
00
58
0F
08
58
59
50
FF
50
AF
34
28
03
00
00
0A
10
40
10
10
31
06
17
23
30
23
16
00
15
74
34
0C
22
71
20
15
1E
40
04
42
13
01
25
10
23
42
25
26
A2
16
26
25
2A
10
60
02
23
26
25
2A
60
02
2C
23
40
13
30
36
24
78
E0
22
1F
10
51
01
1F
01
49
20
11
00
20
33
40
07
55
00
1B
04
32
00
CC
27
10
08
01
21
10
44
C6
20
26
01
41
37
49
6D
11
31
33
36
33
33
1F
21
30
47
52
01
04
4F
FF
04
1C
04
1F
55
C8
93
12
41
10
44
54
96
84
06
12
31
13
1A
83
96
22
28
10
10
20
D0
20
FF
26
EF
EF
EF
EE
D4
24
28
24
38
20
10
C0
18
30
28
98
6C
65
1F
28
92
60
63
1F
63
1F
30
01
23
53
52
55
56
04
90
A8
1F
02
A1
31
43
00
E0
10
40
B0
77
39
1F
F9
30
40
10
A0
AF
6F
04
31
12
1F
12
00
12
38
62
23
02
74
10
71
61
20
10
46
01
2F
32
04
34
00
2F
01
F3
00
06
67
19
1F
39
07
10
62
60
00
11
00
50
66
48
05
06
06
04
F3
36
33
53
34
00
83
06
06
06
06
06
06
06
3E
00
00
01
60
04
80
62
3F
03
06
06
06
06
06
06
06
3E
08
08
18
13
01
04
4C
80
3F
40
63
3F
03
06
06
06
06
06
06
06
3E
08
D7
00
50
10
71
61
00
37
20
0F
63
0B
62
65
48
0E
00
4C
F4
07
40
00
40
01
EC
01
04
50
04
00
00
02
02
00
00
00
00
00
60
D8
00
6F
66
20
60
70
06
67
06
06
06
06
06
06
06
06
60
66
01
66
87
78
41
50
0F
00
01
06
66
D8
80
70
01
0C
00
08
04
00
02
02
01
00
00
00
00
00
01
63
00
00
60
83
00
0D
F8
10
71
61
00
10
71
01
62
62
10
17
21
10
41
40
3F
66
04
72
66
02
3F
00
02
00
00
00
44
44
44
00
50
E9
20
20
01
62
00
00
D8
F0
25
00
3F
00
44
63
70
8A
49
44
10
E0
88
20
1F
01
11
10
00
03
30
00
6C
20
58
49
43
33
78
61
00
4E
00
20
58
35
00
6F
20
30
32
30
32
30
32
30
78
78
36
36
30
78
31
6E
74
30
31
0A
6F
62
20
6D
00
00
6F
65
3A
68
20
20
74
69
00
6D
65
72
62
73
73
74
73
73
63
6F
0D
73
69
20
00
6E
20
20
61
6A
00
00
00
00
00
00
00
00
00
00
00
00
00
00
00
00
00
00
00
00
00
00
00
00
00
00
00
00
00
00
00
00
00
4F
50
46
41
50
0B
0B
20
21
0C
27
3E
3F
3E
3F
3F
3F
00
00
00
00
00
00
00
00
00
00
F8
00
00
00
FF
00
00
00
00
00
00
00
07
00
00
00
02
00
00
00
00
00
00
00
06
00
00
00
06
00
00
00
07
00
00
00
06
00
00
00
06
00
00
00
00
00
00
00
07
00
00
00
07
00
00
00
00
00
00
00
00
00
00
00
07
00
00
00
07
03
00
00
07
03
00
00
00
00
00
00
00
00
00
00
00
00
00
00
00
00
00
00
00
00
00
00
00
00
00
00
00
00
00
00
00
00
00
00
00
00
00
00
00
00
00
00
00
00
00
00
00
00
00
00
00
00
00
00
00
00
00
00
00
00
00
00
00
00
00
00
00
00
00
00
00
00
00
00
00
00
00
00
00
00
00
00
00
00
00
00
00
00
00
00
00
00
00
00
00
00
00
00
00
00
00
00
00
00
00
00
00
00
00
00
00
00
00
00
00
00
00
00
00
00
00
00
00
00
00
00
00
00
00
00
00
00
00
00
00
00
00
00
00
00
00
00
00
00
00
00
00
00
00
00
00
00
00
00
00
00
00
00
00
00
00
00
00
00
00
00
00
00
00
00
00
00
00
00
00
00
00
00
00
00
00
00
00
00
00
00
00
00
00
00
00
00
00
00
00
00
00
00
00
00
00
00
00
00
00
00
00
00
00
00
00
00
00
00
00
00
00
00
00
00
00
00
00
00
00
00
00
00
00
00
00
00
00
00
00
00
00
00
00
00
00
00
00
00
00
00
00
00
00
00
00
00
00
00
00
00
00
00
00
00
00
00
00
00
00
00
00
00
00
00
00
00
00
00
00
00
00
00
00
00
00
00
00
00
00
00
00
00
00
00
00
00
00
00
00
00
00
00
00
00
00
00
00
00
00
00
00
00
00
00
00
00
00
00
00
00
00
00
00
00
00
00
00
00
00
00
00
00
00
00
00
00
00
00
00
00
00
00
00
00
00
00
00
00
00
00
00
00
00
00
00
00
00
00
00
00
00
00
00
00
00
00
00
00
00
00
00
00
00
00
00
00
00
00
00
00
00
00
00
00
00
00
00
00
00
00
00
00
00
00
00
00
00
00
00
00
00
00
00
00
00
00
00
00
00
00
00
00
00
00
00
00
00
00
00
00
00
00
00
00
00
00
00
00
00
00
00
00
00
00
00
00
00
00
00
00
00
00
00
00
00
00
00
00
00
00
07
08
00
00
00
01
00
07
2F
30
3E
3E
30
32
00
32
00
00
00
00
00
00
00
00
00
00
00
00
00
00
00
00
00
00
00
00
00
00
00
00
00
00
00
00
00
00
00
00
00
00
02
00
00
04
00
00
00
00
00
00
00
00
00
00
00
00
00
00
00
00
00
00
00
00
00
00
00
00
00
00
00
00
00
00
00
00
00
00
00
00
00
00
00
00
00
00
00
00
00
00
00
00
00
00
00
00
00
00
00
00
00
00
00
00
00
00
00
00
00
00
00
00
00
00
00
00
00
00
00
00
00
00
00
00
00
00
00
00
00
00
00
00
00
00
00
00
00
00
00
00
00
00
00
00
00
00
00
00
00
00
00
00
00
00
00
00
00
00
00
00
00
00
00
00
00
00
00
00
00
00
00
00
00
00
00
00
00
00
00
00
00
00
00
00
00
00
00
00
00
00
00
00
00
00
00
00
00
00
00
00
00
00
00
00
00
00
00
00
00
00
00
00
00
00
00
00
00
00
00
00
00
00
00
00
00
00
00
00
00
00
00
00
00
00
00
00
00
00
00
00
00
00
00
00
00
00
00
00
00
00
00
00
00
00
00
00
00
00
00
00
00
00
00
00
00
00
00
00
00
00
00
00
00
00
00
00
00
00
00
00
00
00
00
00
00
00
00
00
00
00
00
00
00
00
00
00
00
00
00
00
00
00
00
00
00
00
00
00
00
00
00
00
00
00
00
00
00
00
00
00
00
00
00
00
00
00
00
00
00
00
00
00
00
00
00
00
00
00
00
00
00
00
00
00
00
00
00
00
00
00
00
00
00
00
00
00
00
00
00
00
00
00
00
00
00
00
00
00
00
00
00
00
00
00
00
00
00
00
00
00
00
00
00
00
00
00
00
00
00
00
00
00
00
00
00
00
00
00
00
00
00
00
00
00
00
00
00
00
00
00
00
00
00
00
00
00
00
00
00
00
00
00
00
00
00
00
00
00
00
00
00
00
00
00
00
00
00
00
00
00
00
00
00
00
00
00
00
00
00
00
00
00
00
00
00
00
00
00
00
00
00
00
00
00
00
00
00
00
00
00
00
00
00
00
00
00
00
00
00
00
00
00
00
00
00
00
00
00
00
00
00
00
00
00
00
00
00
00
00
00
00
00
00
00
00
00
00
00
00
00
00
00
00
00
00
00
00
00
00
00
00
00
00
00
00
00
00
00
00
00
00
00
00
00
00
00
00
00
00
00
00
00
00
00
00
00
00
00
00
00
00
00
00
00
00
00
00
00
00
00
00
00
00
00
00
00
00
00
00
00
00
00
00
00
00
00
00
00
00
00
00
00
00
00
00
00
00
00
00
00
00
00
00
00
00
00
00
00
00
00
00
00
00
00
00
00
00
00
00
00
00
00
00
00
00
00
00
00
00
00
00
00
00
00
00
00
00
00
00
00
00
00
00
00
00
