04
10
20
2F
1C
30
05
00
10
EF
90
57
05
01
08
22
30
01
0C
06
25
03
A0
AD
50
50
55
11
47
BA
EE
80
E4
CE
28
DC
10
10
04
22
40
51
00
2C
00
52
04
08
03
2C
20
24
24
28
03
44
40
40
48
40
40
45
05
00
25
40
51
54
52
10
3C
06
12
15
32
10
49
01
12
33
76
B6
94
D2
99
EA
01
CA
1F
34
00
11
F0
10
00
71
0C
69
02
00
E2
00
00
00
00
00
00
00
00
10
50
55
38
84
93
E9
47
B8
90
05
10
11
D2
00
00
00
10
31
10
10
30
0A
0E
10
02
18
D0
28
10
10
18
10
10
C5
18
C0
C5
28
21
B8
20
BB
20
C0
0C
00
48
22
46
18
20
20
20
10
10
05
05
04
1C
22
30
10
00
1C
23
2C
1C
59
21
C0
22
1C
59
21
C5
10
00
1C
23
20
10
00
1C
23
2C
1C
59
21
C0
01
10
1C
21
10
06
16
90
00
01
C5
10
30
20
22
46
18
20
20
20
34
62
12
20
4F
10
20
10
31
C5
0C
10
04
30
05
8E
11
70
B8
DC
01
2B
B8
30
74
07
79
0E
46
00
03
79
55
00
F0
E6
FE
4E
20
F0
70
C0
00
08
02
0F
0B
00
00
20
60
A0
E0
38
00
18
F0
02
10
22
3C
32
35
51
30
52
04
22
45
E0
11
14
58
22
21
2B
DC
12
00
10
F1
B1
71
31
0F
11
01
28
0C
00
32
48
49
36
31
34
40
22
45
E0
11
96
20
11
24
25
22
30
C6
30
70
B0
F0
29
F0
12
0A
F1
B1
71
31
0F
00
50
F0
60
20
18
10
34
40
06
26
12
10
34
40
2E
10
50
F0
25
02
11
29
F0
00
29
22
3C
32
35
55
31
60
00
10
00
40
80
38
00
50
11
05
10
20
19
61
21
40
28
01
15
25
11
10
10
78
11
33
29
31
FB
38
DE
25
34
D5
10
38
21
17
24
17
33
A0
90
90
AB
BC
59
91
20
60
1F
10
44
46
24
04
37
3C
2C
39
41
01
28
12
00
60
05
16
60
E2
30
38
00
29
21
1E
10
11
2C
00
1C
21
10
10
20
30
22
00
18
00
31
0F
04
1C
20
10
00
1C
01
10
10
28
78
40
80
C0
D1
14
40
94
73
93
74
84
A3
15
16
48
A4
32
09
00
03
00
24
00
03
20
23
20
30
02
23
34
00
23
00
23
84
37
97
64
36
48
38
E0
ED
D4
43
D4
40
06
40
93
00
05
55
50
22
1D
1A
55
34
22
34
40
63
86
48
34
26
62
63
10
54
E6
48
BA
34
13
BC
BC
13
1C
55
4C
6F
93
C5
BC
DF
50
30
20
10
01
15
20
92
31
53
18
38
10
28
02
C5
BC
D0
33
E1
A1
61
21
49
0A
22
A4
30
70
18
49
01
14
14
14
08
18
18
00
00
10
48
01
21
50
25
02
05
04
04
03
24
99
80
10
52
48
25
78
04
32
70
00
25
10
29
81
41
0F
11
31
16
30
13
00
10
20
55
57
60
2E
E0
60
12
66
18
D5
40
23
43
30
34
10
42
00
42
12
00
21
00
00
00
00
00
00
00
00
00
00
00
00
00
00
00
00
00
00
00
00
00
00
00
00
20
18
12
05
51
11
10
25
25
20
22
30
31
28
3F
12
05
16
01
15
30
DC
30
38
00
29
21
30
31
24
23
21
00
09
12
24
14
1C
10
1C
10
25
10
10
50
10
20
19
21
30
44
30
13
24
22
41
46
10
41
46
10
20
31
11
42
3F
3F
14
05
16
01
14
30
CB
74
0A
6E
6D
52
0D
72
6F
3A
20
60
F0
38
78
13
00
05
E6
1E
60
00
11
00
01
04
83
B8
3E
22
89
49
09
71
31
0F
30
36
48
33
53
34
00
83
06
06
06
06
06
06
06
3E
60
7E
61
90
97
30
3E
6F
63
03
08
08
08
08
08
08
08
01
60
01
23
40
04
83
34
3F
63
63
03
08
08
08
08
08
08
08
01
28
01
4C
37
08
41
20
60
A0
E0
28
68
00
59
22
D0
DC
60
7D
61
10
17
13
30
51
0F
C8
46
48
64
01
2C
69
29
E1
A1
61
21
05
F0
04
03
01
01
0D
EC
01
04
50
04
00
00
02
02
00
00
00
00
00
00
00
0F
76
00
0F
0F
67
7F
00
08
08
08
08
08
08
08
48
00
60
90
00
0D
73
45
7F
00
80
0D
06
66
D8
80
0D
06
01
00
04
00
00
0C
0C
70
04
00
08
08
08
48
60
03
86
60
66
94
87
83
01
00
17
E6
00
40
10
01
01
21
61
65
6F
74
73
08
01
01
10
19
77
80
0D
06
01
09
60
08
04
04
64
21
70
00
66
0F
20
60
18
58
98
37
D0
DC
22
60
7D
61
10
17
21
10
32
01
01
0C
66
04
72
66
1D
99
59
19
61
21
37
20
E6
50
40
00
04
40
40
40
00
5C
0D
62
20
01
60
00
20
02
02
20
10
40
1F
10
20
3C
11
33
13
32
00
0C
10
12
28
20
02
21
00
40
D0
38
D0
DC
0D
60
00
01
60
30
49
2F
01
05
00
01
04
42
4C
33
2F
51
38
40
04
03
2F
09
51
11
10
08
58
D0
DC
02
31
1D
20
31
59
09
11
31
3C
FF
00
00
0D
01
01
00
40
18
49
20
24
C1
62
04
01
15
33
70
45
26
04
7C
08
34
23
10
04
6C
45
C9
51
11
00
00
00
00
00
20
28
00
47
04
0C
C0
0C
20
20
22
29
21
28
00
40
80
C0
45
00
28
04
30
52
45
03
03
50
0E
2C
03
03
08
47
21
3C
08
03
08
25
2C
42
04
2C
EC
19
08
22
55
23
2B
02
0F
6C
54
2C
03
6C
4C
4C
05
70
70
07
00
66
88
22
08
E1
A1
61
21
49
50
48
44
29
04
7C
22
5C
7C
5C
7C
20
60
38
30
10
37
42
23
04
03
00
0F
19
41
01
28
C8
30
70
00
25
02
21
20
40
48
72
12
02
10
26
6C
7C
71
31
C9
29
23
00
05
04
04
03
24
09
A3
04
82
08
81
7C
6C
6C
7C
08
00
15
00
10
00
31
01
39
0F
20
13
04
00
30
16
20
40
14
01
11
00
40
05
00
50
06
28
A0
F6
11
19
11
20
10
02
0F
30
13
01
03
B8
03
05
20
31
0F
30
13
01
03
B8
03
05
18
31
0F
60
86
07
71
20
16
20
22
4F
41
00
33
01
01
41
0F
30
13
01
03
B8
03
05
20
31
0F
30
13
01
03
B8
33
12
12
00
F7
01
08
20
60
07
33
50
03
00
61
21
09
28
20
60
33
59
22
03
12
51
13
30
05
00
30
05
31
39
0F
00
00
00
00
00
00
00
00
00
00
00
00
00
00
00
00
00
00
00
00
00
00
00
00
00
00
00
00
00
00
00
00
00
00
01
03
06
13
27
54
09
19
39
79
59
18
36
73
47
94
89
79
59
19
30
09
4C
00
23
64
2F
61
21
20
11
5D
25
03
01
34
31
00
40
90
10
23
44
66
51
16
26
19
3F
01
22
23
22
61
21
5C
5F
02
03
F2
15
EE
A9
10
20
20
40
58
73
79
C4
01
55
21
05
61
87
F2
36
53
23
23
10
09
02
00
F0
31
40
10
90
02
0B
61
42
34
15
05
22
12
22
01
00
12
2C
42
90
00
60
01
12
02
00
A5
12
32
5F
66
51
75
54
56
00
3F
01
24
24
5C
56
00
3C
24
04
01
21
28
50
28
23
22
7C
44
02
10
30
20
5F
00
25
10
F0
F2
12
12
83
01
FF
55
30
20
32
FE
24
10
B2
90
00
44
24
32
BF
C9
1F
1F
13
1F
C4
5B
11
35
0B
34
39
33
33
10
10
32
50
21
0F
28
92
40
12
00
38
32
53
83
A3
46
44
52
43
60
56
06
14
10
31
44
80
96
96
26
93
F1
20
32
29
98
B2
9F
EF
EF
DE
DA
E4
12
23
04
1F
16
A4
30
15
D3
90
A7
50
95
96
20
60
60
D6
21
A6
B5
03
1F
43
42
45
56
F6
1F
94
00
30
12
22
43
44
21
66
60
00
10
32
00
20
4F
20
00
00
22
00
96
03
03
00
02
01
1F
24
20
63
00
00
EC
20
20
01
62
01
20
28
10
43
10
66
80
20
50
07
04
01
F3
1C
13
61
06
20
00
11
10
40
3F
04
83
B8
3E
12
04
F3
36
10
20
40
00
01
00
00
00
00
00
00
00
00
90
71
61
00
00
30
30
06
63
00
00
00
00
00
00
00
00
40
03
0B
E6
E0
00
46
60
01
36
30
76
63
00
00
00
00
00
00
00
00
40
18
71
A0
05
00
00
01
60
11
01
40
23
58
24
65
40
25
1F
4C
40
02
25
1F
09
EA
00
D8
00
03
08
04
00
05
0F
04
00
00
02
00
00
00
0F
76
00
0F
0F
67
7F
00
08
08
08
08
08
08
08
48
00
60
00
00
01
F7
51
54
21
60
00
E6
01
70
66
60
0A
20
04
00
00
09
05
00
0F
67
04
04
04
6F
66
06
67
6F
80
F8
40
0C
05
00
00
01
60
01
60
60
17
E6
60
30
81
21
01
00
08
04
72
04
00
37
20
E6
50
40
00
04
40
40
40
00
5C
10
71
61
20
22
00
20
F0
FF
20
FD
10
51
10
E8
A4
97
80
FD
00
80
94
FC
00
00
10
16
03
31
00
00
6F
50
45
41
46
69
00
20
58
35
6C
00
53
47
63
6F
78
78
78
78
78
78
78
54
30
30
00
78
32
30
00
62
2F
31
20
6E
20
73
65
2E
00
0D
20
6D
0A
66
6F
0A
65
72
72
72
69
00
74
70
00
6D
70
00
65
73
72
63
62
75
65
66
6F
0A
64
73
00
00
00
00
00
00
00
00
00
00
00
00
00
00
00
00
00
00
00
00
00
00
00
00
00
00
00
00
00
00
00
00
52
4F
4C
43
42
4C
0D
15
18
22
24
3E
3E
3E
3E
3F
3F
00
00
00
00
00
00
00
00
00
02
00
00
00
04
00
00
00
00
00
00
00
00
00
00
00
00
00
00
00
03
00
00
00
00
00
00
00
00
00
00
00
00
00
00
00
00
00
00
00
00
00
00
00
FF
00
00
00
00
00
00
00
00
00
00
00
00
00
00
00
00
00
00
00
00
00
00
00
00
00
00
00
00
00
00
00
00
00
00
00
00
00
00
00
00
00
00
00
00
00
00
00
00
00
00
00
00
00
00
00
00
00
00
00
00
00
00
00
00
00
00
00
00
00
00
00
00
00
00
00
00
00
00
00
00
00
00
00
00
00
00
00
00
00
00
00
00
00
00
00
00
00
00
00
00
00
00
00
00
00
00
00
00
00
00
00
00
00
00
00
00
00
00
00
00
00
00
00
00
00
00
00
00
00
00
00
00
00
00
00
00
00
00
00
00
00
00
00
00
00
00
00
00
00
00
00
00
00
00
00
00
00
00
00
00
00
00
00
00
00
00
00
00
00
00
00
00
00
00
00
00
00
00
00
00
00
00
00
00
00
00
00
00
00
00
00
00
00
00
00
00
00
00
00
00
00
00
00
00
00
00
00
00
00
00
00
00
00
00
00
00
00
00
00
00
00
00
00
00
00
00
00
00
00
00
00
00
00
00
00
00
00
00
00
00
00
00
00
00
00
00
00
00
00
00
00
00
00
00
00
00
00
00
00
00
00
00
00
00
00
00
00
00
00
00
00
00
00
00
00
00
00
00
00
00
00
00
00
00
00
00
00
00
00
00
00
00
00
00
00
00
00
00
00
00
00
00
00
00
00
00
00
00
00
00
00
00
00
00
00
00
00
00
00
00
00
00
00
00
00
00
00
00
00
00
00
00
00
00
00
00
00
00
00
00
00
00
00
00
00
00
00
00
00
00
00
00
00
00
00
00
00
00
00
00
00
00
00
00
00
00
00
00
00
00
00
00
00
00
00
00
00
00
00
00
00
00
00
00
00
00
00
00
00
00
00
00
00
00
00
00
00
00
00
00
00
00
00
00
00
00
00
00
00
00
00
00
00
00
00
00
00
00
00
00
00
00
00
00
00
00
00
00
00
00
00
00
00
00
00
00
00
00
00
00
00
00
00
00
00
00
00
00
00
00
00
00
00
00
00
00
00
00
00
00
00
00
00
00
00
00
00
00
00
00
00
00
00
00
00
00
00
00
00
00
00
00
00
01
00
00
00
00
00
00
00
00
00
00
00
00
00
00
00
00
00
00
00
00
00
00
00
00
00
00
00
00
00
00
00
00
00
00
00
00
00
00
00
00
00
00
00
56
00
00
00
00
00
00
00
00
00
00
00
00
00
00
00
00
00
00
00
00
00
00
00
00
00
00
00
00
00
00
00
00
00
00
00
00
00
00
00
00
00
00
00
00
00
00
00
00
00
00
00
00
00
00
00
00
00
00
00
00
00
00
00
00
00
00
00
00
00
00
00
00
00
00
00
00
00
00
00
00
00
00
00
00
00
00
00
00
00
00
00
00
00
00
00
00
00
00
00
00
00
00
00
00
00
00
00
00
00
00
00
00
00
00
00
00
00
00
00
00
00
00
00
00
00
00
00
00
00
00
00
00
00
00
00
00
00
00
00
00
00
00
00
00
00
00
00
00
00
00
00
00
00
00
00
00
00
00
00
00
00
00
00
00
00
00
00
00
00
00
00
00
00
00
00
00
00
00
00
00
00
00
00
00
00
00
00
00
00
00
00
00
00
00
00
00
00
00
00
00
00
00
00
00
00
00
00
00
00
00
00
00
00
00
00
00
00
00
00
00
00
00
00
00
00
00
00
00
00
00
00
00
00
00
00
00
00
00
00
00
00
00
00
00
00
00
00
00
00
00
00
00
00
00
00
00
00
00
00
00
00
00
00
00
00
00
00
00
00
00
00
00
00
00
00
00
00
00
00
00
00
00
00
00
00
00
00
00
00
00
00
00
00
00
00
00
00
00
00
00
00
00
00
00
00
00
00
00
00
00
00
00
00
00
00
00
00
00
00
00
00
00
00
00
00
00
00
00
00
00
00
00
00
00
00
00
00
00
00
00
00
00
00
00
00
00
00
00
00
00
00
00
00
00
00
00
00
00
00
00
00
00
00
00
00
00
00
00
00
00
00
00
00
00
00
00
00
00
00
00
00
00
00
00
00
00
00
00
00
00
00
00
00
00
00
00
00
00
00
00
00
00
00
00
00
00
00
00
00
00
00
00
00
00
00
00
00
00
00
00
00
00
00
00
00
00
00
00
00
00
00
00
00
00
00
00
00
00
00
00
00
00
00
00
00
00
00
00
00
00
00
00
00
00
00
00
00
00
00
00
00
00
00
00
00
00
00
00
00
00
00
00
00
00
00
00
00
00
00
00
00
00
00
00
00
00
00
00
00
00
00
00
00
00
00
00
00
00
00
00
00
00
00
00
00
00
00
00
00
00
00
00
00
00
00
00
00
00
00
00
00
00
00
00
00
00
00
00
00
00
00
00
00
00
00
00
00
00
00
00
00
00
00
00
00
00
00
00
00
00
00
00
00
00
00
00
00
00
00
00
00
00
00
00
00
00
00
00
00
00
00
00
00
00
00
00
00
00
00
00
00
00
00
00
00
00
00
00
00
00
00
00
00
00
