C0
00
80
FE
00
80
00
0F
FF
05
03
00
20
00
40
18
40
00
10
55
40
0A
04
00
4A
6B
14
60
45
00
0F
24
27
6A
40
EF
00
23
80
FE
6E
40
6D
04
40
F9
40
C0
18
00
05
60
28
38
09
00
98
06
04
02
00
30
40
7F
22
62
11
2C
14
40
F0
30
00
40
00
08
40
43
03
0A
18
10
D0
41
30
EB
08
10
00
90
40
46
02
40
11
01
B0
01
02
36
08
80
00
03
60
00
DF
00
4D
00
01
FF
80
01
93
1E
DC
B6
00
00
00
00
00
00
00
00
02
B0
00
07
00
20
00
40
13
E0
00
40
4A
22
40
00
42
F4
0E
24
23
22
23
40
06
10
40
0C
40
01
04
28
3C
00
44
3F
00
40
61
E0
00
01
43
E0
20
00
03
01
47
EC
02
AF
14
43
43
00
0D
04
40
80
64
44
99
00
0A
9B
91
24
40
21
00
06
07
40
04
40
80
40
01
77
01
40
4F
02
0F
02
69
01
40
4F
02
0F
42
42
C6
04
05
C9
02
02
45
C6
05
05
C9
02
02
02
3D
01
40
4F
02
0F
02
2F
01
40
4F
02
0F
44
44
42
40
08
00
17
42
40
60
42
20
0B
09
40
03
0A
10
2A
06
24
0D
40
40
40
00
00
30
80
80
05
22
FD
50
01
20
E0
41
43
00
40
00
5C
65
00
00
D8
80
48
04
07
40
68
12
40
00
FF
FF
01
FF
14
00
04
FB
0B
47
00
00
45
47
40
00
47
00
60
07
01
E3
47
6E
47
4F
0A
C0
40
47
40
65
07
DE
C0
40
47
40
0B
40
40
00
12
40
00
00
00
00
00
00
00
00
00
00
00
00
40
5C
52
02
6A
00
02
82
80
80
1F
80
07
08
52
00
01
0F
C6
80
FE
40
FE
05
00
00
00
01
01
02
02
01
01
00
E6
0D
0A
00
00
00
00
00
00
00
00
00
00
40
41
00
0F
01
60
80
02
22
61
63
63
61
0C
00
52
00
01
30
05
00
C2
05
00
00
00
01
01
02
02
01
01
00
E9
00
00
00
00
00
00
00
00
00
00
00
00
52
02
B4
15
00
00
00
00
00
00
00
00
00
00
80
E9
40
00
B2
E3
02
08
40
40
00
08
46
42
41
00
40
40
00
00
81
00
00
00
00
00
00
E3
40
14
00
52
02
5A
00
02
72
41
63
1F
01
40
0C
57
52
3D
00
00
00
00
00
00
E3
40
14
00
52
02
28
0F
00
00
00
00
00
00
00
80
EF
40
00
2C
00
08
40
40
40
40
C6
0F
63
40
FE
01
01
01
01
40
FE
07
02
01
03
E8
13
FF
FF
01
01
01
01
40
01
01
01
03
80
A1
00
00
10
02
02
40
02
00
00
00
00
00
00
00
C6
62
64
44
64
43
4F
20
06
CD
CC
CA
00
00
00
00
00
00
00
00
00
7E
0B
60
05
06
D4
00
00
00
00
60
00
00
00
00
00
21
18
14
1D
02
40
04
41
08
40
40
40
40
0B
60
60
D6
00
00
38
06
00
00
00
01
40
40
14
F1
40
04
40
08
40
40
40
40
00
00
00
00
00
00
00
00
00
00
41
00
00
04
04
40
40
40
40
40
27
28
29
2A
01
61
61
4A
40
9F
00
69
FF
60
80
40
58
80
80
40
40
80
40
42
80
40
00
42
80
66
80
80
40
40
00
80
80
4F
40
24
70
72
28
29
FF
02
44
40
44
44
43
50
02
80
4C
40
03
44
50
40
68
04
00
20
80
00
AC
00
29
4A
65
29
23
03
40
4F
70
00
40
40
44
44
37
23
FE
65
66
66
45
3C
40
06
28
00
40
4A
4E
0C
01
84
43
40
14
00
48
00
80
62
FF
C9
40
10
FF
4B
70
40
0C
00
25
3A
60
60
05
80
80
49
F2
40
72
08
04
0B
2E
02
80
60
F7
10
00
4B
4A
40
00
00
00
00
00
00
00
00
00
00
4A
7F
00
00
00
00
00
00
00
00
00
08
53
52
49
45
00
60
07
60
08
51
03
00
44
07
00
13
12
04
00
43
42
40
50
00
00
45
53
ED
00
69
00
40
E3
02
80
04
FB
00
40
80
00
80
04
FB
40
00
69
00
69
12
00
00
00
00
00
00
00
00
00
ED
00
00
80
80
FE
08
40
61
08
00
21
40
00
40
00
40
40
00
FF
40
03
00
09
46
41
66
B7
DD
B3
00
00
00
00
40
22
24
00
0D
63
03
0B
01
63
F3
63
40
00
00
00
00
00
00
00
00
00
00
00
00
00
00
00
00
00
00
00
00
00
00
00
00
00
00
00
00
00
40
00
00
00
00
00
50
4F
45
53
EE
40
EA
0A
02
41
41
FA
00
0E
40
04
41
08
40
40
40
40
00
00
00
00
56
0A
00
00
00
00
50
4F
45
53
EF
40
EB
0A
02
41
FC
00
D0
40
04
41
08
40
40
40
40
00
00
00
1A
02
40
30
67
00
01
02
FD
0C
E3
02
05
42
00
30
FF
30
40
40
00
00
00
00
00
00
00
00
40
00
00
00
00
00
00
00
40
00
00
3C
42
42
00
04
43
18
02
41
FC
44
F8
79
E3
41
14
00
4B
50
0D
0A
C2
6E
64
6F
68
0D
72
69
65
6F
00
00
00
00
00
00
00
00
00
00
00
00
40
10
11
00
21
02
40
00
00
20
04
7C
00
20
80
00
00
1E
00
7C
86
00
00
00
00
00
00
00
00
00
00
00
00
20
40
4F
00
03
DB
00
18
00
40
1F
80
00
00
00
00
00
00
00
00
00
02
00
40
FE
02
40
44
40
E0
02
4F
80
60
60
60
60
60
60
60
EF
00
05
00
8D
29
02
00
00
80
FF
1C
4F
4F
80
00
00
00
00
00
00
00
00
18
40
D7
0D
30
E3
28
5B
00
00
00
00
00
00
00
00
00
00
00
00
00
00
00
40
10
11
12
41
00
00
00
02
00
40
FE
02
40
00
00
01
00
45
22
32
FD
20
80
05
05
FA
EC
0C
86
00
00
00
00
00
00
00
00
00
00
00
00
00
00
00
05
60
08
40
42
20
00
00
EC
80
20
FD
40
05
20
FD
40
80
80
80
45
80
80
40
00
FF
80
80
80
80
80
FD
04
FF
FF
18
0C
80
FE
27
02
04
46
00
00
00
00
00
00
00
00
00
00
00
04
00
00
47
4F
5E
45
00
02
02
02
00
00
00
0B
00
40
FE
05
00
00
FE
00
80
00
40
40
00
49
80
40
02
FF
04
80
40
40
40
F8
18
80
46
47
47
80
FE
00
47
44
44
3A
4F
00
02
00
40
FE
02
40
53
14
00
57
46
0D
0A
F1
61
65
6F
74
73
00
00
00
00
01
00
00
47
00
05
00
00
FE
00
80
00
40
80
80
80
47
47
47
80
00
00
00
D8
00
00
00
00
00
00
40
10
11
00
05
40
00
06
00
0B
00
00
FF
00
20
FC
04
80
23
23
00
30
23
F8
F6
14
20
00
20
04
FC
26
E6
0D
26
00
00
00
00
00
00
00
00
00
00
00
00
00
00
00
00
E3
4D
00
10
00
02
11
00
40
FE
40
02
40
40
00
00
00
12
00
40
11
00
20
04
7C
00
20
00
80
04
FB
00
EB
0D
00
00
00
00
00
00
00
00
00
00
7F
FF
02
00
FE
40
00
00
06
01
00
80
44
44
44
04
45
45
DC
40
05
40
40
00
06
10
00
0B
02
14
00
44
46
0D
0A
A6
00
00
00
00
00
40
DC
42
00
42
02
43
90
40
0C
00
00
00
00
00
06
01
C7
40
00
05
01
03
02
14
00
45
41
0D
0A
D7
00
00
00
00
00
00
00
00
00
00
02
C2
00
25
20
BA
B8
03
09
40
98
40
28
D4
F8
7A
00
22
22
02
9C
9A
98
30
62
92
90
40
62
8A
2C
2C
00
21
40
0B
20
10
02
02
2C
2D
2E
2F
01
6A
2C
66
64
2D
60
5E
2E
5A
58
2F
54
18
FF
00
00
C4
28
80
05
42
40
00
00
00
00
00
00
00
00
00
00
00
00
00
00
00
00
40
00
01
03
04
00
10
00
40
06
07
65
00
04
30
06
62
FC
FA
64
00
02
09
04
0E
EC
EA
F0
00
00
00
00
00
00
00
00
00
00
00
00
00
00
60
30
20
0C
C1
00
80
0C
60
0D
0A
00
65
00
00
00
00
00
00
00
00
00
00
12
40
00
0D
40
01
30
8E
8C
FA
40
F0
00
00
00
00
00
00
00
00
00
00
00
00
00
00
0B
E0
40
02
02
08
04
40
20
20
00
00
F9
30
4B
28
00
00
00
00
00
00
00
00
00
00
11
40
E0
43
4F
00
40
60
48
40
20
08
80
FD
0C
60
01
10
20
0E
00
09
00
05
28
20
00
00
00
00
00
E3
41
14
00
00
00
00
00
00
00
00
00
00
00
00
00
36
01
62
30
1B
62
61
66
F9
0F
30
03
60
02
00
03
03
F5
80
00
00
00
00
00
00
00
00
00
00
00
00
00
01
02
05
10
20
40
81
63
27
55
10
21
42
85
71
43
86
72
44
88
77
54
09
18
36
72
45
91
83
67
34
69
38
77
55
11
22
44
88
76
53
06
13
26
52
04
09
00
00
00
D0
C9
66
00
00
00
66
F7
66
00
00
00
00
00
00
0F
0A
80
05
01
FA
00
00
00
00
00
00
00
00
00
60
00
30
00
A0
00
02
A0
F9
00
00
00
00
00
00
00
00
0B
E0
40
00
40
07
00
00
00
00
40
00
00
00
00
00
00
00
E0
00
40
00
04
44
40
41
00
00
00
00
00
00
0A
04
40
05
20
0C
21
08
44
40
40
03
18
00
00
00
00
00
00
00
08
0C
00
00
FB
00
00
00
00
00
F8
00
00
00
00
00
18
22
00
00
00
00
00
0B
E0
40
00
40
1C
60
00
60
00
40
00
00
00
00
00
00
00
00
00
14
00
40
40
F8
40
10
40
25
FC
00
40
C0
40
03
07
42
42
00
00
00
00
00
00
14
03
0F
00
F8
08
00
40
00
40
00
0A
60
05
40
62
60
03
F3
02
10
06
45
40
FA
22
40
02
08
90
A0
00
05
10
F0
24
00
41
40
40
08
40
0F
FE
43
61
40
43
00
0E
10
43
61
40
43
00
0E
00
00
80
40
FF
02
40
40
00
03
40
34
3C
40
F8
00
43
45
00
C0
00
FC
00
40
FF
40
00
FF
00
1F
42
02
00
03
00
00
80
22
62
00
36
FE
44
40
40
FF
0A
00
40
FD
00
50
4F
00
40
53
4F
00
32
00
20
00
FB
65
00
60
F3
08
80
00
00
E9
00
40
1B
00
2B
00
01
00
80
01
01
20
F6
20
00
00
40
FF
18
0F
63
00
63
00
00
47
4C
56
47
00
18
06
00
00
14
00
00
40
00
FC
40
60
F0
00
00
80
40
40
80
03
00
45
03
FC
06
44
64
44
02
03
00
C0
C0
00
C0
C0
40
47
04
41
41
00
00
C0
C0
42
48
03
EC
03
C0
02
27
04
49
FF
02
02
FC
FF
4B
00
FF
6D
38
80
80
63
00
42
80
80
00
00
00
80
00
4B
41
00
4A
00
69
69
46
20
69
02
69
49
00
40
00
00
4D
01
42
04
C0
00
4B
07
60
00
00
60
03
44
45
44
65
C0
C0
00
40
00
80
F0
04
00
02
60
01
20
28
00
24
00
03
40
2E
07
46
02
00
2B
00
40
23
03
00
40
4F
00
0C
04
00
31
0F
62
FD
00
F8
C0
04
40
63
62
00
00
40
21
04
00
60
40
63
00
60
22
40
00
80
10
02
11
40
FE
02
40
00
00
01
20
64
44
44
00
1C
00
00
20
20
05
6F
0E
00
80
C0
65
66
6F
F3
00
FF
40
00
02
0B
11
00
00
20
FC
00
20
06
80
04
FB
00
EC
CB
00
08
40
43
63
43
00
02
FF
04
00
1C
80
60
60
60
60
60
60
60
F0
05
40
00
06
10
0B
11
00
00
20
02
43
6F
80
60
60
60
60
60
60
60
EF
00
04
00
4F
03
6E
02
00
00
44
60
80
FF
1C
23
4F
4F
66
80
00
00
00
00
00
00
00
00
18
40
CC
00
00
00
10
02
11
40
FE
02
40
11
00
01
00
45
22
14
FD
26
08
80
04
04
EC
04
40
05
40
08
40
40
05
02
00
00
12
02
00
40
00
4F
00
40
44
40
40
00
80
60
FF
4F
80
80
80
80
80
80
08
80
FD
04
20
80
02
00
0C
80
FE
27
02
04
80
60
60
60
60
60
60
60
F0
18
08
64
10
00
64
50
4F
5E
65
00
02
02
02
00
00
00
0B
00
40
FE
05
11
00
FE
00
80
00
40
40
00
49
80
60
02
FF
04
80
40
40
40
F8
18
80
26
02
26
80
04
00
67
44
44
F2
4F
10
02
11
40
FE
02
40
00
00
01
10
02
11
40
FE
02
40
00
00
00
12
11
20
04
01
00
20
00
80
04
FB
00
EB
00
00
00
05
40
00
0B
22
40
00
00
00
20
64
80
80
80
00
04
45
10
02
11
40
9F
02
40
40
02
00
03
E0
7F
00
00
00
06
00
00
02
06
24
60
FE
24
02
24
00
24
80
00
04
00
00
60
FE
09
00
00
00
01
01
02
00
6C
20
58
49
43
33
78
50
4B
53
46
79
20
31
32
72
20
00
30
32
30
32
30
32
30
78
78
36
78
36
30
00
45
00
4C
6C
20
30
37
61
6B
62
20
6D
00
0A
00
20
6D
0A
66
6F
0A
65
72
0A
6D
63
3A
65
72
20
65
72
20
69
65
00
73
69
20
00
61
65
79
0A
64
73
00
00
00
00
00
00
00
00
00
00
00
00
00
00
00
00
00
00
00
00
00
00
00
00
00
00
00
00
00
00
00
00
52
4F
50
46
53
42
12
14
21
2E
35
57
58
58
58
58
58
00
00
00
00
00
00
00
00
00
F8
00
00
00
FF
00
00
00
00
00
00
00
07
00
00
00
02
00
00
00
00
00
00
00
06
00
00
00
06
00
00
00
07
00
00
00
05
00
00
00
05
00
00
00
00
00
00
00
07
00
00
00
07
00
00
00
00
00
00
00
00
00
00
00
07
00
00
00
07
03
00
00
07
03
00
00
00
00
00
00
00
00
00
00
00
00
00
00
00
00
00
00
00
00
00
00
00
00
00
00
00
00
00
00
00
00
00
00
00
00
00
00
00
00
00
00
00
00
00
00
00
00
00
00
00
00
00
00
00
00
00
00
00
00
00
00
00
00
00
00
00
00
00
00
00
00
00
00
00
00
00
00
00
00
00
00
00
00
00
00
00
00
00
00
00
00
00
00
00
00
00
00
00
00
00
00
00
00
00
00
00
00
00
00
00
00
00
00
00
00
00
00
00
00
00
00
00
00
00
00
00
00
00
00
00
00
00
00
00
00
00
00
00
00
00
00
00
00
00
00
00
00
00
00
00
00
00
00
00
00
00
00
00
00
00
00
00
00
00
00
00
00
00
00
00
00
00
00
00
00
00
00
00
00
00
00
00
00
00
00
00
00
00
00
00
00
00
00
00
00
00
00
00
00
00
00
00
00
00
00
00
00
00
00
00
00
00
00
00
00
00
00
00
00
00
00
00
00
00
00
00
00
00
00
00
00
00
00
00
00
00
00
00
00
00
00
00
00
00
00
00
00
00
00
00
00
00
00
00
00
00
00
00
00
00
00
00
00
00
00
00
00
00
00
00
00
00
00
00
00
00
00
00
00
00
00
00
00
00
00
00
00
00
00
00
00
00
00
00
00
00
00
00
00
00
00
00
00
00
00
00
00
00
00
00
00
00
00
00
00
00
00
00
00
00
00
00
00
00
00
00
00
00
00
00
00
00
00
00
00
00
00
00
00
00
00
00
00
00
00
00
00
00
00
00
00
00
00
00
00
00
00
00
00
00
00
00
00
00
00
00
00
00
00
00
00
00
00
00
00
00
00
00
00
00
00
00
00
00
00
00
00
00
00
00
00
00
00
00
00
00
00
00
00
00
00
00
00
00
00
00
00
00
00
00
00
00
00
00
00
00
00
00
00
00
00
00
00
00
00
00
00
00
00
00
00
00
00
00
00
00
00
00
00
00
00
00
00
00
00
07
08
00
00
00
01
00
13
42
43
57
57
44
45
00
46
00
00
00
00
00
00
00
00
00
00
00
00
00
00
00
00
00
00
00
00
00
00
00
00
00
00
00
00
00
00
00
00
00
00
03
00
00
0C
00
00
00
00
00
00
00
00
00
00
00
00
00
00
00
00
00
00
00
00
00
00
00
00
00
00
00
00
00
00
00
00
00
00
00
00
00
00
00
00
00
00
00
00
00
00
00
00
00
00
00
00
00
00
00
00
00
00
00
00
00
00
00
00
00
00
00
00
00
00
00
00
00
00
00
00
00
00
00
00
00
00
00
00
00
00
00
00
00
00
00
00
00
00
00
00
00
00
00
00
00
00
00
00
00
00
00
00
00
00
00
00
00
00
00
00
00
00
00
00
00
00
00
00
00
00
00
00
00
00
00
00
00
00
00
00
00
00
00
00
00
00
00
00
00
00
00
00
00
00
00
00
00
00
00
00
00
00
00
00
00
00
00
00
00
00
00
00
00
00
00
00
00
00
00
00
00
00
00
00
00
00
00
00
00
00
00
00
00
00
00
00
00
00
00
00
00
00
00
00
00
00
00
00
00
00
00
00
00
00
00
00
00
00
00
00
00
00
00
00
00
00
00
00
00
00
00
00
00
00
00
00
00
00
00
00
00
00
00
00
00
00
00
00
00
00
00
00
00
00
00
00
00
00
00
00
00
00
00
00
00
00
00
00
00
00
00
00
00
00
00
00
00
00
00
00
00
00
00
00
00
00
00
00
00
00
00
00
00
00
00
00
00
00
00
00
00
00
00
00
00
00
00
00
00
00
00
00
00
00
00
00
00
00
00
00
00
00
00
00
00
00
00
00
00
00
00
00
00
00
00
00
00
00
00
00
00
00
00
00
00
00
00
00
00
00
00
00
00
00
00
00
00
00
00
00
00
00
00
00
00
00
00
00
00
00
00
00
00
00
00
00
00
00
00
00
00
00
00
00
00
00
00
00
00
00
00
00
00
00
00
00
00
00
00
00
00
00
00
00
00
00
00
00
00
00
00
00
00
00
00
00
00
00
00
00
00
00
00
00
00
00
00
00
00
00
00
00
00
00
00
00
00
00
00
00
00
00
00
00
00
00
00
00
00
00
00
00
00
00
00
00
00
00
00
00
00
00
00
00
00
00
00
00
00
00
00
00
00
00
00
00
00
00
00
00
00
00
00
00
00
00
00
00
00
00
00
00
00
00
00
00
00
00
00
00
00
00
00
00
00
00
00
00
00
00
00
00
00
00
00
00
00
00
00
00
00
00
00
00
00
00
00
00
00
00
00
00
00
00
00
00
00
00
00
00
00
00
00
00
00
00
00
00
00
00
00
00
00
00
00
00
00
00
00
00
00
00
00
00
00
00
00
00
00
00
00
00
00
00
00
00
00
00
00
00
00
00
00
00
00
00
00
00
00
00
00
00
00
00
00
00
00
00
00
00
00
00
00
00
00
00
00
00
00
00
00
00
00
00
00
00
00
00
00
00
00
00
00
00
00
00
00
00
00
00
00
00
00
00
00
00
00
00
00
00
00
00
00
00
00
00
00
00
00
00
00
00
00
00
00
00
00
00
00
00
00
00
00
00
00
00
00
00
00
00
00
00
00
00
00
00
00
00
00
00
00
00
00
00
00
00
00
00
00
00
00
00
00
00
00
00
00
00
00
00
00
00
00
00
00
00
00
00
00
00
00
00
00
00
00
00
00
00
00
00
00
00
00
00
00
00
00
00
00
00
00
00
00
00
00
00
00
00
00
00
00
00
00
00
00
00
00
00
00
00
00
00
00
00
00
00
00
00
00
00
00
00
00
00
00
00
00
00
00
00
00
00
00
00
00
00
00
00
00
00
00
00
00
00
00
00
00
00
00
00
00
00
00
00
00
00
00
00
00
00
00
00
00
00
00
00
00
00
00
00
00
00
00
00
00
00
00
00
00
00
00
00
00
00
00
00
00
00
00
00
00
00
00
00
00
00
00
00
00
00
00
00
00
00
00
00
00
00
00
00
00
00
00
00
00
00
00
00
00
00
00
00
00
00
00
00
00
00
00
00
00
00
00
00
00
00
00
00
00
00
00
00
00
00
00
00
00
00
00
00
00
00
00
00
00
00
00
00
00
00
00
00
00
00
00
00
00
00
00
00
00
00
00
00
00
00
00
00
00
00
00
00
00
00
00
00
00
00
00
00
00
00
00
00
00
00
00
00
00
00
00
00
00
00
00
00
00
00
00
00
00
00
00
00
00
00
00
00
00
00
00
00
00
00
00
00
00
00
00
00
00
00
00
00
00
00
00
00
00
00
00
00
00
00
00
00
00
00
00
00
00
00
00
00
00
