5B
00
00
FF
00
00
00
00
FF
00
00
A0
01
00
00
47
00
C0
00
55
46
00
00
00
0D
0B
00
25
05
00
00
07
24
00
00
CD
00
01
2C
FF
00
00
6C
00
00
FF
01
57
0E
00
01
C5
59
58
00
A0
5B
0E
0E
0E
0E
5A
A5
00
00
01
0E
59
00
A5
00
00
80
A5
00
00
A5
A5
02
00
00
00
07
A5
5A
0D
59
00
00
00
21
00
00
02
00
00
03
00
00
00
00
C4
0A
0C
74
00
07
01
4D
09
01
FF
C1
00
0E
04
FF
06
00
00
00
00
00
00
00
00
00
5A
00
00
00
00
00
4C
00
0A
C1
00
00
07
00
00
42
01
00
23
00
24
00
01
00
00
C0
00
02
04
02
59
0D
00
00
00
00
40
61
0A
00
00
CC
0A
20
00
00
01
01
00
00
FF
00
CC
40
00
00
00
A0
62
00
41
FF
0A
00
00
FF
06
CC
20
00
E0
EC
00
00
CC
62
01
01
FF
02
CC
00
00
00
04
FF
02
CC
00
00
00
CC
CC
00
00
00
00
01
03
CC
00
00
00
00
01
03
00
FF
02
CC
00
00
00
04
FF
02
CC
00
00
00
CC
CC
CC
41
00
00
FF
CC
41
60
CC
21
FF
FF
00
02
00
00
00
00
23
00
00
00
00
00
0A
5B
62
62
00
20
FF
44
01
00
0A
18
41
00
80
0A
5B
01
00
00
0A
CE
21
00
00
4C
68
00
4C
00
FF
FF
00
00
00
03
00
FF
00
00
2B
00
64
00
27
01
09
2B
2D
00
00
FF
00
66
0D
6E
00
00
4C
02
27
6E
00
FF
00
4C
02
27
00
4C
4C
02
00
4C
00
00
00
00
00
00
00
00
00
00
00
00
C2
00
00
00
0C
01
02
0C
01
24
00
24
00
00
00
02
00
00
00
21
FF
04
FF
00
02
02
02
00
0B
0B
00
0C
05
02
FF
00
00
00
00
00
00
00
00
00
00
00
00
18
40
60
00
00
00
62
02
0C
00
05
20
05
00
01
00
02
00
00
00
02
FF
00
02
02
02
00
0B
0B
00
0C
05
02
FF
02
02
00
00
00
00
00
00
00
00
00
00
00
00
0B
00
00
00
00
00
00
00
00
00
00
00
61
FF
00
00
0B
0A
02
00
00
00
04
00
00
18
42
00
00
00
04
00
FF
00
00
00
00
00
00
0A
18
00
01
00
00
0B
01
02
0B
00
05
00
05
00
00
00
00
00
00
00
00
00
00
00
0A
18
00
01
00
00
0B
00
00
00
00
00
00
00
00
61
FF
00
00
0B
05
00
00
00
00
00
00
00
18
00
FF
00
04
05
07
00
FF
00
00
08
01
FF
00
FF
FF
00
04
05
07
00
04
05
07
04
23
FF
00
00
00
4A
4A
00
4A
00
00
00
00
00
00
00
0A
05
20
44
00
00
00
00
00
0A
09
09
00
00
00
00
00
00
00
00
00
0A
00
05
20
20
FF
00
00
00
00
60
00
00
00
00
00
20
00
00
0B
00
C0
00
40
00
00
00
00
00
00
00
23
FF
00
00
0A
00
00
00
00
01
00
00
00
FF
C0
00
41
00
00
00
00
00
00
00
00
00
00
00
00
00
00
00
00
00
00
00
00
23
23
23
23
23
04
04
03
03
00
05
20
4A
00
0A
0A
03
FF
00
40
23
00
40
40
23
03
40
23
03
40
23
00
04
40
00
40
40
42
00
00
40
40
00
23
00
00
00
06
07
FF
02
46
23
48
46
08
02
00
40
00
23
02
43
00
23
00
00
00
00
40
00
00
05
00
00
65
24
24
00
05
00
00
00
23
23
46
48
00
44
FF
20
02
03
45
00
23
00
6E
08
00
00
00
00
03
09
44
23
0A
05
00
03
40
05
FF
FF
23
00
FF
4D
00
23
00
03
25
00
21
60
01
20
40
42
FF
43
00
00
00
00
00
00
40
21
FF
00
00
4D
00
23
00
00
00
00
00
00
00
00
00
00
00
09
00
00
00
00
00
00
00
00
00
00
45
56
43
00
20
08
00
62
00
00
00
00
08
00
00
00
00
00
00
00
20
40
52
03
00
53
00
FF
00
69
00
42
FF
00
44
00
FF
05
00
00
07
44
00
FF
00
00
60
05
00
00
00
00
00
00
00
00
00
00
60
FF
00
01
04
24
FF
00
02
64
00
00
00
18
00
42
07
18
42
00
FF
C2
00
00
00
42
44
66
FF
FF
FF
00
00
00
00
23
06
07
00
00
24
00
00
00
64
FF
64
22
00
00
00
00
00
00
00
00
00
00
00
00
00
00
00
00
00
00
00
00
00
00
00
00
00
00
00
00
00
40
00
00
00
00
00
52
43
53
00
FF
21
FF
00
00
42
41
FF
04
08
C0
00
40
00
00
00
00
00
00
00
00
00
07
00
00
00
00
00
52
43
53
00
FF
21
FF
00
00
42
FF
04
07
C0
00
40
00
00
00
00
00
00
00
00
07
00
00
5A
06
01
00
01
FF
00
0A
02
00
18
02
00
FF
06
02
02
00
00
00
00
00
00
00
00
40
00
00
00
00
00
00
00
21
00
00
00
43
24
00
00
08
00
00
40
FF
05
FF
07
0A
18
00
00
00
00
00
00
FF
6F
0D
74
20
0A
72
6C
64
62
00
00
00
00
00
00
00
00
00
00
00
00
C0
00
00
60
00
00
00
00
10
01
00
22
00
00
03
08
08
00
06
22
05
00
00
00
00
00
00
00
00
00
00
00
04
44
00
03
00
00
FF
00
00
46
44
00
03
46
46
46
46
46
46
46
46
10
00
11
80
FF
00
80
00
23
01
00
23
23
08
08
08
08
08
08
08
FF
46
00
00
FF
00
00
06
04
83
FF
00
23
00
83
46
46
46
46
46
46
46
46
00
48
FF
00
5A
05
59
FF
00
00
00
00
00
00
00
00
00
00
00
00
00
00
00
C0
00
00
00
00
00
00
10
00
11
00
FF
00
00
11
00
00
00
23
23
00
FF
00
25
06
06
FF
FF
2C
04
00
00
00
00
00
00
00
00
00
00
00
00
00
00
00
00
00
00
07
40
2C
00
00
00
20
01
FF
FC
00
01
FF
08
20
20
20
00
20
20
02
00
FF
20
20
20
20
20
FF
01
FF
FF
00
00
20
FF
00
00
00
01
66
66
66
66
66
66
66
66
08
66
26
01
00
01
00
48
00
21
00
FC
00
00
86
00
01
00
00
03
03
00
11
66
FF
00
20
04
08
08
00
00
20
0C
00
FF
00
40
08
08
08
FF
00
20
00
40
00
40
FF
00
48
00
20
00
48
10
00
11
00
FF
00
00
53
00
01
00
00
00
00
FE
6C
78
74
68
69
00
00
00
00
00
00
00
47
00
00
11
66
FF
00
20
01
08
20
20
20
26
00
40
20
00
86
00
FF
00
00
00
00
00
00
C0
00
00
00
00
00
00
01
0D
00
0E
01
0F
00
20
FF
65
04
06
06
00
5A
00
02
02
00
00
05
05
00
FF
04
02
00
25
00
00
00
00
00
00
00
00
00
00
00
00
00
00
00
00
0A
18
00
00
00
00
00
00
02
FF
4D
00
02
4D
00
00
10
00
00
4D
00
00
01
00
22
00
00
00
64
00
FF
05
FF
00
00
00
00
00
00
00
00
00
00
00
00
FF
00
80
FF
42
00
00
00
00
00
24
08
08
08
00
45
0C
FF
4D
00
00
4D
00
01
00
00
00
00
00
00
00
00
00
00
FF
00
00
00
00
00
C0
02
44
00
44
00
44
00
21
00
00
00
00
00
00
00
00
00
01
00
00
00
00
00
00
00
00
00
00
00
FF
00
00
00
00
00
00
00
00
00
00
00
01
00
01
25
01
01
00
00
24
5B
C4
59
58
58
00
00
02
24
03
01
01
01
5A
05
01
01
24
05
01
00
00
00
02
24
00
00
34
04
25
09
09
09
09
00
01
00
01
01
00
01
01
00
01
01
00
01
00
FF
00
00
59
59
42
00
01
01
00
00
00
00
00
00
00
00
00
00
00
00
00
00
00
00
42
00
C2
C2
00
00
00
01
02
05
00
00
07
05
5A
00
05
00
00
03
04
00
00
00
00
00
00
FF
00
00
00
00
00
00
00
00
00
00
00
00
00
00
00
5A
00
00
01
00
C4
00
23
00
00
00
00
00
00
00
00
00
00
00
00
00
00
00
26
00
00
C6
00
5A
00
00
FF
C6
00
00
00
00
00
00
00
00
00
00
00
00
00
00
00
00
0A
18
40
00
00
00
42
00
01
02
02
FF
5A
01
59
00
00
00
00
00
00
00
00
00
00
00
02
FF
05
43
02
42
63
00
42
00
00
C4
FF
00
08
00
00
00
00
20
01
20
01
59
00
00
00
00
00
01
0A
18
00
00
00
20
00
00
00
00
00
00
00
00
00
00
00
00
62
00
00
01
3F
65
FF
00
00
03
01
00
04
00
00
FF
05
00
00
00
00
00
00
00
00
00
00
00
00
00
00
00
00
00
00
00
00
01
03
06
13
26
52
04
09
19
38
77
55
10
21
43
87
74
48
96
93
86
73
47
95
90
81
62
25
51
02
04
08
17
35
71
42
84
68
37
74
00
00
00
00
00
66
01
03
04
04
FF
00
00
00
00
00
00
00
00
00
61
00
04
FF
00
00
00
00
00
00
00
00
00
07
01
00
00
00
03
00
00
FF
00
00
00
00
00
00
00
00
00
00
05
00
40
00
04
00
04
00
05
00
00
00
00
00
00
00
00
00
40
00
00
42
05
00
00
00
00
00
00
00
00
00
00
00
22
00
03
00
44
00
01
00
00
00
00
00
00
00
00
00
00
00
03
00
FF
00
03
00
05
00
FF
00
00
00
00
00
00
41
00
00
00
00
00
00
FF
05
00
40
00
64
00
64
00
05
00
00
00
00
00
00
00
00
00
00
01
22
22
FF
22
00
22
46
FF
09
02
00
41
00
00
03
01
02
00
00
00
00
00
00
00
00
00
01
00
08
47
00
47
00
00
00
05
22
24
28
00
FF
00
00
00
40
63
FF
03
C3
00
00
01
0B
00
00
00
00
F0
00
00
02
02
00
02
00
FF
42
25
02
22
04
00
00
42
25
02
42
04
00
00
00
40
C1
FF
00
02
C1
00
00
02
00
00
22
FF
00
46
46
00
03
00
FF
09
42
00
00
03
7F
00
00
03
01
00
00
00
00
00
63
64
02
F5
FF
04
82
82
00
00
00
41
FF
00
52
43
00
02
00
08
00
00
00
01
07
FF
05
00
66
FF
00
24
02
02
FF
00
42
00
00
2B
00
00
04
24
02
02
44
FF
20
00
00
22
FF
47
00
61
01
05
00
00
B0
9C
B0
38
00
00
00
00
03
00
05
00
02
00
FF
45
27
00
00
00
04
00
40
04
00
00
05
23
FF
23
00
20
44
00
23
04
26
26
00
26
26
44
00
23
00
44
00
00
26
26
05
05
23
FF
00
00
00
00
00
08
FF
00
06
FF
FF
4C
0B
00
44
01
24
24
62
08
44
04
00
00
00
00
04
00
4B
05
00
00
00
08
07
02
00
06
00
04
49
00
02
00
FF
45
23
41
00
26
00
05
00
23
01
00
23
23
02
02
05
65
26
26
00
02
00
04
FF
00
00
00
00
00
21
00
00
03
04
00
62
2E
00
47
00
00
29
07
62
29
00
00
62
03
04
00
00
00
00
00
62
FF
00
FF
46
00
03
01
00
00
00
22
08
00
00
00
00
01
00
23
03
42
00
44
00
00
00
02
FF
00
02
10
00
00
20
06
44
00
00
00
00
01
00
01
00
03
00
00
04
26
21
27
03
FC
00
00
61
00
00
00
00
10
00
20
FF
00
64
00
63
00
FF
05
FF
FC
00
00
00
00
1B
43
03
00
FF
00
00
00
03
08
08
08
08
08
08
08
FF
00
80
00
01
00
00
00
01
00
FE
00
00
66
23
08
08
08
08
08
08
08
FF
46
00
00
4F
00
61
00
04
06
00
06
83
00
00
00
46
00
00
83
46
46
46
46
46
46
46
46
00
48
FF
01
00
A0
00
00
00
00
FF
00
00
00
00
00
00
03
23
00
FF
44
00
65
00
00
FF
00
A2
00
00
00
07
00
00
00
00
01
00
00
00
03
00
40
00
03
00
08
08
00
20
0C
FF
00
20
20
20
20
20
20
00
20
FF
01
66
20
00
06
00
20
FF
00
00
00
40
08
08
08
08
08
08
08
FF
00
00
00
00
86
20
F6
47
00
21
00
FC
00
00
86
00
01
00
00
03
03
00
00
66
FF
00
20
04
08
08
00
00
20
0C
00
FF
00
40
08
08
08
FF
00
20
00
00
00
20
01
86
68
00
20
F5
48
00
00
00
00
FF
00
00
00
00
00
00
00
00
02
FF
00
02
10
00
00
00
00
01
00
00
00
00
00
64
00
FF
05
FF
00
00
00
00
42
01
00
64
02
00
20
40
00
08
24
24
24
40
00
00
00
00
00
02
F6
00
02
62
00
00
00
0A
00
20
00
C0
00
01
00
00
00
24
45
FF
00
00
29
40
24
00
20
00
01
00
45
FF
09
40
00
00
00
00
00
00
61
00
31
33
37
00
20
34
48
47
34
63
45
35
53
6F
63
00
00
00
00
00
00
00
32
33
31
56
31
56
2F
00
00
00
00
20
30
32
3A
69
3A
79
66
6F
00
00
00
66
6F
43
72
72
45
73
73
46
6F
72
20
63
69
00
61
69
00
76
73
00
73
74
76
00
69
65
3A
52
20
3A
00
00
00
00
00
00
00
00
00
00
00
00
00
00
00
00
00
00
00
00
00
00
00
00
00
00
00
00
00
00
00
00
57
57
47
47
57
50
34
80
CC
5C
90
DC
18
54
74
A0
28
00
00
00
00
00
00
00
00
00
FF
00
00
00
FF
00
00
00
00
00
00
00
00
00
00
00
00
00
00
00
00
00
00
00
00
00
00
00
00
00
00
00
00
00
00
00
00
00
00
00
00
00
00
00
00
00
00
00
00
00
00
00
00
00
00
00
08
00
00
00
00
00
00
00
00
00
00
00
00
00
00
00
00
00
00
00
00
00
00
00
00
00
00
00
00
00
00
00
00
00
00
00
00
00
00
00
00
00
00
00
00
00
00
00
00
00
00
00
00
00
00
00
00
00
00
00
00
00
00
00
00
00
00
00
00
00
00
00
00
00
00
00
00
00
00
00
00
00
00
00
00
00
00
00
00
00
00
00
00
00
00
00
00
00
00
00
00
00
00
00
00
00
00
00
00
00
00
00
00
00
00
00
00
00
00
00
00
00
00
00
00
00
00
00
00
00
00
00
00
00
00
00
00
00
00
00
00
00
00
00
00
00
00
00
00
00
00
00
00
00
00
00
00
00
00
00
00
00
00
00
00
00
00
00
00
00
00
00
00
00
00
00
00
00
00
00
00
00
00
00
00
00
00
00
00
00
00
00
00
00
00
00
00
00
00
00
00
00
00
00
00
00
00
00
00
00
00
00
00
00
00
00
00
00
00
00
00
00
00
00
00
00
00
00
00
00
00
00
00
00
00
00
00
00
00
00
00
00
00
00
00
00
00
00
00
00
00
00
00
00
00
00
00
00
00
00
00
00
00
00
00
00
00
00
00
00
00
00
00
00
00
00
00
00
00
00
00
00
00
00
00
00
00
00
00
00
00
00
00
00
00
00
00
00
00
00
00
00
00
00
00
00
00
00
00
00
00
00
00
00
00
00
00
00
00
00
00
00
00
00
00
00
00
00
00
00
00
00
00
00
00
00
00
00
00
00
00
00
00
00
00
00
00
00
00
00
00
00
00
00
00
00
00
00
00
00
00
00
00
00
00
00
00
00
00
00
00
00
00
00
00
00
00
00
00
00
00
00
00
00
00
00
00
00
00
00
00
00
00
00
00
00
00
00
00
00
00
00
00
00
00
00
00
00
00
00
00
00
00
00
00
00
00
00
00
00
00
00
00
00
00
00
00
00
00
00
00
00
00
00
00
00
00
00
00
00
00
00
00
00
00
00
00
00
00
00
00
00
00
00
00
00
00
00
00
00
00
00
00
00
00
00
00
00
00
00
00
00
00
00
00
00
00
00
00
00
00
00
00
00
00
00
00
00
00
00
00
00
00
00
00
00
00
00
00
00
00
00
00
00
00
00
00
00
00
00
00
00
00
00
00
F0
00
00
00
00
00
00
00
00
00
00
00
00
00
00
00
00
00
00
00
00
00
00
00
00
00
00
00
00
00
00
00
00
00
00
00
00
00
00
00
00
00
00
00
00
00
00
00
00
00
00
00
00
00
00
00
00
00
00
00
00
00
00
00
00
00
00
00
00
00
00
00
00
00
00
00
00
00
00
00
00
00
00
00
00
00
00
00
00
00
00
00
00
00
00
00
00
00
00
00
00
00
00
00
00
00
00
00
00
00
00
00
00
00
00
00
00
00
00
00
00
00
00
00
00
00
00
00
00
00
00
00
00
00
00
00
00
00
00
00
00
00
00
00
00
00
00
00
00
00
00
00
00
00
00
00
00
00
00
00
00
00
00
00
00
00
00
00
00
00
00
00
00
00
00
00
00
00
00
00
00
00
00
00
00
00
00
00
00
00
00
00
00
00
00
00
00
00
00
00
00
00
00
00
00
00
00
00
00
00
00
00
00
00
00
00
00
00
00
00
00
00
00
00
00
00
00
00
00
00
00
00
00
00
00
00
00
00
00
00
00
00
00
00
00
00
00
00
00
00
00
00
00
00
00
00
00
00
00
00
00
00
00
00
00
00
00
00
00
00
00
00
00
00
00
00
00
00
00
00
00
00
00
00
00
00
00
00
00
00
00
00
00
00
00
00
00
00
00
00
00
00
00
00
00
00
00
00
00
00
00
00
00
00
00
00
00
00
00
00
00
00
00
00
00
00
00
00
00
00
00
00
00
00
00
00
00
00
00
00
00
00
00
00
00
00
00
00
00
00
00
00
00
00
00
00
00
00
00
00
00
00
00
00
00
00
00
00
00
00
00
00
00
00
00
00
00
00
00
00
00
00
00
00
00
00
00
00
00
00
00
00
00
00
00
00
00
00
00
00
00
00
00
00
00
00
00
00
00
00
00
00
00
00
00
00
00
00
00
00
00
00
00
00
00
00
00
00
00
00
00
00
00
00
00
00
00
00
00
00
00
00
00
00
00
00
00
00
00
00
00
00
00
00
00
00
00
00
00
00
00
00
00
00
00
00
00
00
00
00
00
00
00
00
00
00
00
00
00
00
00
00
00
00
00
00
00
00
00
00
00
00
00
00
00
00
00
00
00
00
00
00
00
00
00
00
00
00
00
00
00
00
00
00
00
00
00
00
00
00
00
00
00
00
00
00
00
00
00
00
00
00
00
00
00
00
00
00
00
00
00
00
00
00
00
00
00
00
00
00
00
00
00
00
00
00
00
00
00
00
00
00
00
00
00
00
00
00
00
00
00
00
00
00
00
00
00
00
00
00
00
00
00
00
00
00
00
00
00
00
00
00
00
00
00
00
00
00
00
00
00
00
00
00
00
00
00
00
00
00
00
00
00
00
00
00
00
00
00
00
00
00
00
00
00
00
00
00
00
00
00
00
00
00
00
00
00
00
00
00
00
00
00
00
00
00
00
00
00
00
00
00
00
00
00
00
00
00
00
00
00
00
00
00
00
00
00
00
00
00
00
00
00
00
00
00
00
00
00
00
00
00
00
00
00
00
00
00
00
00
00
00
00
00
00
00
00
00
00
00
00
00
00
00
00
00
00
00
00
00
00
00
00
00
00
00
00
00
00
00
00
00
00
00
00
00
00
00
00
00
00
00
00
00
00
00
00
00
00
00
00
00
00
00
00
00
00
00
00
00
00
00
00
00
00
00
00
00
00
00
00
00
00
00
00
00
00
00
00
00
00
00
00
00
00
00
00
00
00
00
00
00
00
00
00
00
00
00
00
00
00
00
00
00
00
00
00
00
00
00
00
00
00
00
00
00
00
00
00
00
00
00
00
00
00
00
00
00
00
00
00
00
00
00
00
00
00
00
00
00
00
00
00
00
00
00
00
00
00
00
00
00
00
00
00
00
00
00
00
00
00
00
00
00
00
00
00
00
00
00
00
00
00
00
00
00
00
00
00
00
00
00
00
00
00
00
00
00
00
00
00
00
00
00
00
00
00
00
00
00
00
00
00
00
00
00
00
00
00
00
00
00
00
00
00
00
00
00
00
00
00
00
00
00
00
00
00
00
00
00
00
00
00
00
00
00
00
00
00
00
00
00
00
00
00
00
00
00
00
00
00
00
00
00
00
00
00
00
00
00
00
00
00
00
00
00
00
00
00
00
00
00
00
00
00
00
00
00
00
00
00
00
00
00
00
00
00
00
00
00
00
00
00
00
00
00
00
00
00
00
00
00
00
00
