BE
06
20
05
A0
A0
A0
00
0C
00
00
00
21
22
96
43
00
41
00
40
00
00
00
00
00
00
05
00
25
00
01
00
FF
00
00
89
45
00
6E
00
00
2C
6E
00
00
00
00
00
00
00
5B
0E
0E
0E
00
01
C5
59
58
58
00
00
02
24
03
64
0D
0D
00
00
A5
00
00
00
05
80
00
02
FF
80
00
A5
A5
05
00
0D
0D
00
00
00
23
00
00
00
00
5A
10
00
21
0A
24
FF
60
00
74
C9
C9
FF
00
C1
FF
00
00
00
09
15
09
FF
00
00
00
00
00
00
00
00
00
0A
65
00
00
00
00
08
00
00
00
01
00
03
00
A2
00
00
01
00
00
00
A0
FF
4A
44
01
00
C0
00
C0
00
00
01
21
00
80
00
81
CC
00
CC
FF
CC
00
29
01
00
FF
00
01
00
0A
18
03
A0
02
00
00
00
00
43
00
A0
A0
A0
0A
00
01
C1
6C
54
00
02
00
FF
00
CC
CC
00
00
00
00
01
03
CC
00
00
00
00
01
03
00
FF
02
CC
00
00
00
04
FF
02
CC
00
00
00
CC
CC
00
00
00
00
01
03
CC
00
00
00
00
01
03
00
00
18
00
41
80
00
18
00
81
FF
CC
CC
00
00
00
00
62
00
21
FE
0A
00
00
FE
62
00
00
00
06
C2
00
00
C0
00
00
C0
00
03
0A
CC
FE
64
65
60
FF
CE
FF
00
00
67
08
FE
00
00
00
4C
08
00
00
27
01
09
00
FF
07
66
2D
00
00
03
00
FF
64
00
00
27
FF
27
00
2C
6F
00
00
00
00
FF
00
00
00
00
00
00
FF
00
00
02
FF
00
FF
00
00
00
00
00
00
00
00
00
00
00
0A
00
60
00
00
00
62
00
00
05
20
05
00
01
00
02
00
01
00
00
02
00
2E
06
00
00
00
21
08
04
0C
05
00
02
07
00
00
00
00
00
00
00
00
00
00
00
00
00
00
01
00
00
0C
00
00
00
00
01
24
00
24
02
00
02
00
00
00
21
FF
06
00
00
00
21
08
04
0C
05
00
02
07
00
00
FF
00
00
00
00
00
00
00
00
00
60
00
00
60
00
00
00
00
00
00
00
00
00
00
00
00
0B
61
FF
00
C0
00
00
00
05
00
00
FF
00
01
00
00
05
00
00
00
00
00
00
00
00
00
C2
00
40
60
00
00
00
62
00
00
01
24
20
24
05
00
00
00
00
00
00
00
00
00
00
C2
00
40
60
00
00
40
00
00
00
00
00
00
00
00
00
0B
61
FF
00
04
00
00
00
00
00
00
00
00
09
00
00
FF
00
08
09
04
05
07
04
23
FF
00
00
00
00
FF
00
08
FF
00
00
08
01
FF
00
00
00
00
0B
FF
0B
00
00
00
00
00
00
00
00
01
01
00
00
0A
61
61
61
00
00
59
00
00
00
00
00
61
FF
0A
61
00
00
00
00
08
20
00
00
00
00
0A
00
00
00
00
00
FF
00
00
21
00
0A
18
00
01
00
00
00
00
FF
00
05
42
FF
00
00
40
00
00
00
61
00
0A
00
20
0A
18
00
00
00
00
00
00
FF
00
00
00
00
00
00
00
00
00
00
00
00
00
00
00
00
00
00
00
44
67
68
69
6A
00
02
00
01
00
00
00
40
00
23
00
40
23
00
00
40
42
00
40
42
00
40
40
42
00
23
00
04
40
00
23
00
07
00
00
00
23
23
48
49
00
00
00
05
05
00
23
02
03
40
00
00
1B
40
00
40
00
00
23
05
20
45
40
00
09
0A
65
24
FF
09
00
23
00
00
00
06
07
44
00
23
42
00
FF
00
00
23
09
FF
67
40
00
09
23
00
08
00
00
18
00
00
44
20
FF
62
23
00
00
6C
FF
6C
00
0A
43
00
00
00
00
20
00
20
18
40
00
03
23
25
00
60
60
00
00
00
00
6C
00
6C
00
00
00
00
00
00
00
00
00
00
00
00
00
00
FF
00
00
00
00
00
00
00
00
00
45
4E
4C
00
08
61
23
00
00
00
00
02
00
00
01
02
02
FF
00
00
02
FF
05
43
02
42
63
00
42
FF
00
28
00
24
02
02
00
FF
20
06
24
02
02
00
20
00
FF
FF
60
00
00
00
00
00
00
00
00
00
00
00
FF
05
00
04
00
00
18
20
00
03
00
42
05
00
00
47
42
1D
00
64
FF
66
18
20
00
00
04
00
00
00
00
23
00
00
42
44
20
00
62
00
22
05
62
00
00
00
00
00
00
00
00
00
00
00
00
00
00
00
00
00
00
00
00
00
00
00
00
00
00
00
00
00
00
00
07
00
00
00
00
00
00
00
00
21
63
00
42
00
00
20
00
00
FF
20
0A
18
00
01
00
00
00
00
FF
00
00
00
00
40
00
00
00
00
00
00
00
23
63
00
42
00
00
20
00
FF
20
0A
18
00
01
00
00
00
00
FF
00
00
00
40
07
05
00
00
00
03
03
01
02
C1
00
00
41
00
02
00
00
00
00
00
00
00
00
00
00
00
06
00
00
00
00
00
00
00
21
00
00
21
21
00
02
00
21
00
00
22
00
00
00
00
00
C0
00
41
00
00
00
00
00
6C
6F
00
6F
6F
43
0A
65
74
74
00
00
00
00
00
00
00
00
00
00
00
0A
18
41
41
00
10
00
11
10
00
20
FF
00
04
00
63
00
FF
05
FF
00
00
00
00
00
00
00
00
00
00
00
00
00
00
00
00
1B
43
22
03
00
FF
00
00
00
03
08
08
08
08
08
08
08
FF
00
80
00
01
10
00
11
01
00
23
00
83
46
46
46
46
46
46
46
46
00
48
00
22
4F
04
00
0C
00
00
46
01
00
23
23
08
08
08
08
08
08
08
FF
46
FF
22
04
00
04
04
00
00
00
00
00
00
00
00
00
00
00
00
00
00
00
0A
18
41
41
41
05
65
00
00
00
00
01
10
00
11
10
01
0F
01
00
FF
10
04
00
65
00
00
04
00
00
00
00
00
00
00
00
00
00
00
00
00
00
00
00
00
00
05
03
24
23
00
FF
01
12
00
00
03
00
20
00
03
00
08
08
00
20
0C
FF
00
20
20
20
20
20
20
60
00
00
46
20
00
60
00
66
03
46
00
00
40
08
08
08
08
08
08
08
FF
00
00
00
10
86
20
00
00
00
05
00
20
00
00
11
66
FF
86
01
FF
00
86
00
01
00
00
00
08
20
20
20
0C
00
20
00
60
00
66
66
66
66
08
66
00
00
00
00
20
01
86
48
01
00
00
FF
00
00
00
01
10
00
00
00
53
00
01
01
01
01
6C
64
73
6F
65
00
00
12
00
10
00
00
00
00
00
86
00
01
FF
00
00
26
08
08
08
00
00
00
40
FF
01
04
FF
00
00
00
00
00
00
0A
18
41
41
0D
00
0E
00
FF
00
00
10
00
00
01
00
00
00
00
FF
21
FF
00
03
59
23
0F
10
00
20
25
00
00
59
02
FF
00
00
00
00
00
00
00
00
00
00
00
00
00
00
00
00
C2
60
00
4D
00
02
4D
00
01
00
00
00
00
00
00
00
10
4D
00
00
4D
00
20
FF
00
00
44
04
02
02
00
06
22
02
00
00
00
00
00
00
00
00
00
00
00
00
42
01
00
44
02
00
20
40
00
08
24
24
24
40
00
00
00
00
00
00
00
00
FF
4D
00
00
00
4D
00
02
02
02
02
00
00
00
00
00
0A
18
00
02
00
02
00
03
02
23
00
00
00
00
00
00
41
01
41
00
FF
02
21
FF
00
44
00
01
01
01
01
00
00
00
00
00
00
00
00
00
00
00
57
00
24
5B
C4
59
58
01
00
01
25
01
01
01
01
5A
24
00
00
01
59
59
00
24
01
59
00
5A
01
00
00
00
00
21
08
00
00
23
03
00
00
00
00
FF
59
5A
01
59
5A
01
59
5A
01
59
5A
01
00
20
00
47
30
01
5A
42
02
00
FF
00
00
00
00
00
00
00
00
00
00
00
00
00
00
00
00
36
C2
C2
00
00
07
18
00
00
03
04
C3
C3
FF
00
02
01
59
00
00
C3
05
5A
01
02
59
05
00
00
00
00
00
00
00
00
00
00
00
00
00
00
00
00
00
24
00
23
00
24
01
00
C4
C4
C4
00
00
00
00
00
00
00
00
00
00
00
00
00
44
00
03
00
01
59
02
00
00
26
00
00
00
00
00
00
00
00
00
00
00
00
00
00
00
C2
00
00
02
00
00
08
00
00
00
00
00
00
00
00
00
00
00
00
00
00
00
00
00
00
00
40
52
03
00
53
00
FF
00
5A
00
44
00
00
6A
5A
01
08
C2
00
00
00
00
00
00
FF
00
00
00
00
00
C0
00
41
00
00
FF
00
00
00
00
00
00
00
00
00
01
3B
00
00
05
25
01
61
00
00
FF
00
00
05
00
05
01
02
00
00
00
00
00
00
00
00
00
00
00
00
00
00
00
00
00
00
00
00
00
00
00
00
00
00
00
00
00
00
00
00
00
00
00
00
00
00
00
00
00
00
00
00
00
00
00
00
01
02
04
08
17
35
70
40
81
62
25
51
03
07
00
00
00
00
00
60
00
00
05
00
FF
00
00
00
00
00
00
00
00
60
05
06
01
FF
00
00
00
00
00
00
00
00
00
00
00
00
00
01
04
05
04
00
00
00
00
00
00
00
00
00
00
00
03
00
FF
00
03
00
05
00
FF
00
00
00
00
00
00
00
05
00
FF
00
00
44
FF
00
00
00
00
00
00
00
00
00
44
03
FF
00
22
01
FF
44
FF
0E
01
00
00
00
00
00
00
00
00
05
00
40
00
04
00
04
00
05
00
00
00
00
00
00
05
02
00
00
00
00
00
00
00
23
00
FF
00
03
00
05
00
FF
00
00
00
00
00
00
00
00
00
02
00
00
44
05
46
46
03
22
25
00
00
00
43
00
18
00
46
00
00
00
00
00
00
00
02
43
C3
03
00
00
00
FF
09
47
01
08
00
01
08
48
01
49
47
00
6A
00
FF
FF
43
06
00
00
6A
6A
6A
0C
00
03
00
01
00
00
44
43
05
00
00
02
00
02
02
21
00
FF
02
00
03
02
21
44
C1
40
00
00
02
00
04
00
00
00
01
22
00
44
25
22
00
00
22
46
22
25
00
2A
00
61
00
22
18
61
00
46
22
FE
00
42
06
07
00
00
60
0B
00
44
FF
60
00
24
00
FF
00
00
00
53
00
00
00
03
00
00
08
00
00
05
40
00
00
00
44
00
FF
00
00
4C
00
42
00
00
00
00
44
00
FF
0A
00
10
22
00
00
00
00
00
18
00
01
C3
00
D8
FC
38
38
00
00
00
02
07
00
02
00
00
FF
24
00
FF
02
FF
00
04
FD
44
00
04
00
05
45
23
23
00
00
FF
05
05
00
26
26
26
07
FF
00
00
23
42
00
23
00
26
00
00
08
FF
FF
00
42
20
00
42
00
0F
21
00
00
FF
FF
00
6E
6E
10
24
00
24
23
23
00
42
00
02
FF
04
00
00
01
23
00
00
FF
00
00
45
05
00
00
00
00
05
09
33
46
00
4D
26
23
00
0B
00
01
00
00
23
00
00
46
05
00
26
26
00
00
00
04
28
00
00
00
22
08
00
01
23
00
40
00
00
46
00
00
00
00
00
00
00
00
00
00
00
4F
63
02
00
00
00
44
00
00
00
46
FF
22
00
23
22
00
00
00
21
00
00
22
00
00
23
00
00
00
44
FF
00
02
00
01
00
00
00
01
0F
01
00
FF
00
22
44
04
00
0F
00
20
FF
6F
03
00
00
FF
00
FF
6F
20
FF
00
00
00
00
00
00
10
01
00
00
00
00
03
08
08
00
06
00
26
04
44
00
03
00
FF
00
00
46
44
00
03
46
46
46
46
46
46
46
46
00
00
00
80
FF
00
80
00
23
01
26
00
00
83
46
46
46
46
46
46
46
46
00
48
00
FF
00
20
FF
44
00
0C
00
00
00
46
01
00
00
00
46
23
08
08
08
08
08
08
08
FF
46
FF
00
01
00
00
00
00
00
01
00
00
00
10
01
0F
01
00
FF
10
00
04
25
06
06
FF
00
00
00
FB
03
04
03
40
00
A2
00
00
F6
20
01
FF
FC
00
01
FF
08
20
20
20
00
20
20
02
00
FF
20
20
20
20
60
00
00
00
FF
FF
00
60
00
66
03
46
00
01
66
66
66
66
66
66
66
66
08
66
26
01
00
01
00
00
00
00
05
00
20
00
00
00
66
FF
86
01
FF
00
86
00
01
F6
00
00
08
20
20
20
0C
00
20
00
60
00
66
66
66
66
08
66
00
60
00
40
FF
00
00
48
01
00
00
FF
00
00
00
01
00
00
00
A1
01
00
00
02
00
01
00
00
00
00
00
10
00
00
20
FF
00
00
64
04
02
02
00
06
00
62
00
FF
00
80
FF
42
00
00
00
00
00
24
08
08
08
00
25
0C
FF
00
02
00
01
00
00
00
00
00
00
00
20
01
00
FF
22
00
20
FF
00
00
00
26
01
24
00
00
FF
FF
01
00
20
FF
00
08
00
FF
FF
00
00
00
00
00
00
72
32
46
47
33
6E
00
35
00
37
00
65
41
34
00
73
3A
31
31
31
31
31
31
31
45
00
2F
00
2F
33
56
33
33
32
72
6C
32
30
0A
6C
00
20
20
0D
9B
7A
74
20
20
65
6D
00
79
70
00
20
64
6F
4F
65
72
53
65
72
41
72
3A
6F
74
61
65
52
20
6D
00
69
65
00
00
00
00
00
00
00
00
00
00
00
00
00
00
00
00
00
00
00
00
00
00
00
00
00
00
00
00
00
00
00
00
00
44
52
52
45
47
34
FC
80
14
EC
F8
F8
28
64
88
C4
28
00
00
00
00
00
00
00
00
00
00
00
00
00
00
00
00
00
00
00
00
00
00
00
00
00
00
00
00
00
00
00
00
00
00
00
00
00
00
00
00
00
00
00
00
00
00
00
00
00
00
00
FF
00
00
00
00
00
00
00
00
00
00
00
00
00
00
00
00
00
00
00
00
00
00
00
00
00
00
00
00
00
00
00
00
00
00
00
00
00
00
00
00
00
00
00
00
00
00
00
00
00
00
00
00
00
00
00
00
00
00
00
00
00
00
00
00
00
00
00
00
00
00
00
00
00
00
00
00
00
00
00
00
00
00
00
00
00
00
00
00
00
00
00
00
00
00
00
00
00
00
00
00
00
00
00
00
00
00
00
00
00
00
00
00
00
00
00
00
00
00
00
00
00
00
00
00
00
00
00
00
00
00
00
00
00
00
00
00
00
00
00
00
00
00
00
00
00
00
00
00
00
00
00
00
00
00
00
00
00
00
00
00
00
00
00
00
00
00
00
00
00
00
00
00
00
00
00
00
00
00
00
00
00
00
00
00
00
00
00
00
00
00
00
00
00
00
00
00
00
00
00
00
00
00
00
00
00
00
00
00
00
00
00
00
00
00
00
00
00
00
00
00
00
00
00
00
00
00
00
00
00
00
00
00
00
00
00
00
00
00
00
00
00
00
00
00
00
00
00
00
00
00
00
00
00
00
00
00
00
00
00
00
00
00
00
00
00
00
00
00
00
00
00
00
00
00
00
00
00
00
00
00
00
00
00
00
00
00
00
00
00
00
00
00
00
00
00
00
00
00
00
00
00
00
00
00
00
00
00
00
00
00
00
00
00
00
00
00
00
00
00
00
00
00
00
00
00
00
00
00
00
00
00
00
00
00
00
00
00
00
00
00
00
00
00
00
00
00
00
00
00
00
00
00
00
00
00
00
00
00
00
00
00
00
00
00
00
00
00
00
00
00
00
00
00
00
00
00
00
00
00
00
00
00
00
00
00
00
00
00
00
00
00
00
00
00
00
00
00
00
00
00
00
00
00
00
00
00
00
00
00
00
00
00
00
00
00
00
00
00
00
00
00
00
00
00
00
00
00
00
00
00
00
00
00
00
00
00
00
00
00
00
00
00
00
00
00
00
00
00
00
00
00
00
00
00
00
00
00
00
00
00
00
00
00
00
00
00
00
00
00
00
00
00
00
00
00
00
00
00
00
00
00
00
00
00
00
00
00
00
00
00
00
00
00
00
00
00
00
00
00
00
00
00
00
00
00
00
00
00
00
00
00
00
00
00
00
00
00
00
00
00
00
00
00
00
00
00
00
34
00
00
00
00
00
00
00
00
00
00
00
00
00
00
00
00
00
00
00
00
00
00
00
00
00
00
00
00
00
00
00
00
00
00
00
00
00
00
00
00
00
00
00
00
00
00
00
00
00
00
00
00
00
00
00
00
00
00
00
00
00
00
00
00
00
00
00
00
00
00
00
00
00
00
00
00
00
00
00
00
00
00
00
00
00
00
00
00
00
00
00
00
00
00
00
00
00
00
00
00
00
00
00
00
00
00
00
00
00
00
00
00
00
00
00
00
00
00
00
00
00
00
00
00
00
00
00
00
00
00
00
00
00
00
00
00
00
00
00
00
00
00
00
00
00
00
00
00
00
00
00
00
00
00
00
00
00
00
00
00
00
00
00
00
00
00
00
00
00
00
00
00
00
00
00
00
00
00
00
00
00
00
00
00
00
00
00
00
00
00
00
00
00
00
00
00
00
00
00
00
00
00
00
00
00
00
00
00
00
00
00
00
00
00
00
00
00
00
00
00
00
00
00
00
00
00
00
00
00
00
00
00
00
00
00
00
00
00
00
00
00
00
00
00
00
00
00
00
00
00
00
00
00
00
00
00
00
00
00
00
00
00
00
00
00
00
00
00
00
00
00
00
00
00
00
00
00
00
00
00
00
00
00
00
00
00
00
00
00
00
00
00
00
00
00
00
00
00
00
00
00
00
00
00
00
00
00
00
00
00
00
00
00
00
00
00
00
00
00
00
00
00
00
00
00
00
00
00
00
00
00
00
00
00
00
00
00
00
00
00
00
00
00
00
00
00
00
00
00
00
00
00
00
00
00
00
00
00
00
00
00
00
00
00
00
00
00
00
00
00
00
00
00
00
00
00
00
00
00
00
00
00
00
00
00
00
00
00
00
00
00
00
00
00
00
00
00
00
00
00
00
00
00
00
00
00
00
00
00
00
00
00
00
00
00
00
00
00
00
00
00
00
00
00
00
00
00
00
00
00
00
00
00
00
00
00
00
00
00
00
00
00
00
00
00
00
00
00
00
00
00
00
00
00
00
00
00
00
00
00
00
00
00
00
00
00
00
00
00
00
00
00
00
00
00
00
00
00
00
00
00
00
00
00
00
00
00
00
00
00
00
00
00
00
00
00
00
00
00
00
00
00
00
00
00
00
00
00
00
00
00
00
00
00
00
00
00
00
00
00
00
00
00
00
00
00
00
00
00
00
00
00
00
00
00
00
00
00
00
00
00
00
00
00
00
00
00
00
00
00
00
00
00
00
00
00
00
00
00
00
00
00
00
00
00
00
00
00
00
00
00
00
00
00
00
00
00
00
00
00
00
00
00
00
00
00
00
00
00
00
00
00
00
00
00
00
00
00
00
00
00
00
00
00
00
00
00
00
00
00
00
00
00
00
00
00
00
00
00
00
00
00
00
00
00
00
00
00
00
00
00
00
00
00
00
00
00
00
00
00
00
00
00
00
00
00
00
00
00
00
00
00
00
00
00
00
00
00
00
00
00
00
00
00
00
00
00
00
00
00
00
00
00
00
00
00
00
00
00
00
00
00
00
00
00
00
00
00
00
00
00
00
00
00
00
00
00
00
00
00
00
00
00
00
00
00
00
00
00
00
00
00
00
00
00
00
00
00
00
00
00
00
00
00
00
00
00
00
00
00
00
00
00
00
00
00
00
00
00
00
00
00
00
00
00
00
00
00
00
00
00
00
00
00
00
00
00
00
00
00
00
00
00
00
00
00
00
00
00
00
00
00
00
00
00
00
00
00
00
00
00
00
00
00
00
00
00
00
00
00
00
00
00
00
00
00
00
00
00
00
00
00
00
00
00
00
00
00
00
00
00
00
00
00
00
00
00
00
00
00
00
00
00
00
00
00
00
00
00
00
00
00
00
00
00
00
00
00
00
00
00
00
00
00
00
00
00
00
00
00
00
00
00
00
00
00
00
00
00
00
00
00
00
00
00
00
00
00
00
00
00
00
00
00
00
00
00
00
00
00
00
00
00
00
00
00
00
00
00
00
00
00
00
00
00
00
00
00
00
00
00
00
00
00
00
00
00
00
00
00
00
00
00
00
00
00
00
00
00
00
00
00
00
00
00
00
00
00
00
00
00
00
00
00
00
00
00
00
00
00
00
00
00
00
00
00
00
00
00
00
00
00
00
00
00
00
00
00
00
00
00
00
00
00
00
00
00
00
00
00
00
00
00
00
00
00
00
00
00
00
00
00
00
00
00
00
00
00
00
00
00
00
00
00
