02
02
63
01
41
01
01
00
0E
01
0A
01
20
40
03
40
01
40
40
20
40
20
0A
6B
03
05
45
05
4B
01
24
24
08
04
03
2E
4E
6C
6C
02
04
6D
6C
01
00
01
0D
01
00
05
0C
00
00
00
05
25
20
00
00
00
05
02
02
22
64
62
00
00
04
04
44
04
44
05
04
24
02
03
04
24
44
64
44
62
01
00
00
03
00
03
23
01
01
01
02
09
0B
14
20
0C
62
01
03
03
15
00
01
01
0D
01
01
01
00
62
06
15
06
FF
00
00
00
00
00
00
00
00
07
06
05
03
08
05
0C
4B
0B
01
00
03
04
01
0B
02
02
00
23
03
01
24
03
02
40
00
01
02
01
01
04
01
00
01
23
09
00
00
02
00
00
00
FF
20
00
00
02
02
0B
02
48
00
0C
40
0B
02
03
02
00
21
04
44
02
02
02
02
0C
00
20
20
06
07
00
00
01
FF
01
01
01
01
00
21
01
02
02
02
01
00
21
01
02
02
02
FF
01
00
00
02
03
02
FF
01
00
00
02
03
00
02
01
00
21
01
02
02
02
01
00
21
01
02
02
02
00
41
09
02
02
00
41
09
02
01
20
00
00
03
03
02
02
03
24
04
06
02
02
FF
02
04
06
65
01
22
02
02
01
01
02
01
03
09
0C
20
FF
65
60
23
FF
47
01
20
0B
67
4B
FF
00
0C
0B
4B
4B
03
07
00
00
47
00
00
02
64
45
00
00
00
00
08
65
07
47
00
00
6E
0F
4F
60
64
0C
02
00
FF
00
47
65
0C
02
00
FF
00
02
00
00
00
FF
00
00
01
03
05
07
09
0B
0D
0F
02
02
00
0F
0F
06
61
02
02
03
63
63
61
03
02
04
02
06
0E
0B
0F
01
00
21
09
02
02
02
01
01
02
0D
02
2D
02
06
00
03
01
02
0F
0D
0B
09
07
05
03
01
00
01
01
00
0F
00
00
00
02
03
02
43
05
03
05
00
02
06
08
0C
01
00
09
02
02
02
01
01
02
0D
02
2D
02
06
03
01
FF
01
03
05
07
09
0B
0D
0F
02
0F
0F
06
60
03
01
0E
0C
0A
08
06
04
02
00
64
00
00
00
00
66
02
02
01
01
02
05
04
FF
01
01
01
01
02
05
60
00
02
04
06
08
01
03
00
00
41
0F
0F
06
61
02
02
03
02
43
63
03
02
00
01
01
00
02
04
06
08
01
03
00
00
41
0F
0F
06
40
03
01
08
06
04
02
00
64
00
00
00
00
66
03
01
01
01
01
04
07
03
03
22
0F
00
22
22
03
22
02
02
01
03
03
FF
01
01
0F
00
22
22
03
A1
22
22
01
03
06
0A
04
05
0B
0A
FF
0A
05
0B
00
01
03
05
02
01
62
64
04
04
06
00
00
00
01
60
00
03
06
04
02
00
00
00
00
00
00
66
60
02
26
05
00
02
04
02
00
00
02
04
02
00
01
21
03
41
00
00
41
00
01
01
01
01
01
FF
02
63
42
FF
01
01
40
01
01
00
01
01
00
40
20
00
41
00
01
01
01
01
01
FF
03
05
01
03
05
07
09
0B
0D
0F
02
01
67
69
03
03
03
03
03
61
61
61
61
61
69
61
0A
0A
60
00
04
60
04
40
03
40
40
02
03
40
40
03
42
40
03
42
43
40
02
22
03
42
40
03
42
00
04
02
04
69
28
29
44
44
06
02
08
48
02
08
02
02
0E
4D
04
03
43
64
00
60
04
09
20
40
65
45
65
60
00
00
65
29
08
00
6F
09
04
08
03
66
68
42
03
42
65
66
03
05
05
43
09
08
68
45
60
00
01
08
01
03
01
61
60
04
43
6C
06
64
69
03
07
4B
2D
4B
05
05
43
02
05
00
02
00
69
43
62
49
03
04
25
25
01
60
60
60
00
02
07
4B
2D
4B
03
0F
0D
0B
09
07
05
03
01
05
03
00
01
0A
FF
02
04
06
08
00
02
05
07
07
01
21
41
03
60
60
60
00
40
05
02
44
01
01
00
00
00
04
00
00
40
00
43
20
04
63
60
02
49
09
02
28
04
00
03
03
00
FF
66
02
00
03
03
00
67
40
08
FF
60
07
05
02
00
08
06
04
02
00
00
01
02
02
03
60
01
03
64
61
00
02
05
45
05
A6
02
46
46
02
25
68
05
66
42
61
01
60
00
00
01
03
03
22
03
03
63
63
22
04
64
00
44
64
61
04
00
04
02
00
00
00
00
00
00
00
00
00
00
00
00
00
00
00
00
00
00
00
00
00
00
00
01
03
05
02
00
00
02
05
03
01
00
03
01
63
62
01
42
02
03
41
05
01
FF
42
00
41
00
01
01
02
03
01
FF
01
03
01
03
40
03
01
03
01
00
02
03
63
62
01
42
02
03
41
01
FF
41
00
41
00
01
01
02
03
01
FF
01
03
01
40
00
62
01
00
02
03
03
02
03
02
01
01
42
02
01
01
00
00
01
03
01
00
01
03
05
02
00
00
02
05
03
01
00
01
40
01
02
42
43
04
02
03
43
03
02
41
01
00
04
01
00
01
01
40
00
01
02
03
01
65
75
00
75
72
20
00
61
6F
3A
00
02
04
06
08
10
00
02
04
06
08
00
41
50
51
00
01
06
01
01
04
20
03
00
00
06
08
07
07
00
03
01
09
07
05
03
01
11
0F
07
05
03
01
00
00
03
4F
63
43
00
03
05
03
00
00
04
60
60
60
60
60
60
60
60
03
06
06
00
06
09
06
09
03
08
40
43
60
00
00
00
00
00
00
00
00
04
40
00
00
4F
00
04
64
08
04
43
03
27
4F
60
60
60
60
60
60
60
60
03
40
00
00
00
02
00
00
00
02
04
06
08
0A
0C
0E
10
12
00
02
04
06
08
00
41
50
51
52
00
00
00
06
06
00
06
01
06
01
01
00
00
45
06
00
45
02
04
06
07
05
06
00
01
09
07
05
03
01
13
11
0F
0D
0B
09
07
05
03
01
00
00
6F
40
40
24
FF
00
03
00
04
40
05
40
05
40
40
40
40
00
20
40
00
40
40
00
00
40
20
20
00
00
06
46
00
07
40
00
06
07
40
47
46
60
60
60
60
60
60
60
60
06
06
02
49
09
26
44
00
0F
44
00
47
40
00
06
07
00
C0
06
40
00
08
06
06
40
00
00
40
40
00
00
00
40
40
20
06
40
46
00
00
00
00
04
46
06
40
20
48
40
06
26
4F
00
48
48
FF
06
06
00
06
01
06
01
00
41
01
00
00
00
00
65
79
00
75
65
00
00
01
00
01
20
00
00
07
08
06
06
00
FF
00
40
44
40
40
40
06
20
40
40
06
06
00
00
00
02
04
06
0D
00
00
41
4D
4E
01
00
01
26
C6
00
06
01
04
06
20
00
00
00
00
00
40
02
01
00
00
23
02
05
26
20
26
00
01
00
00
02
00
0D
06
04
02
00
00
02
04
06
0D
01
03
05
07
09
0D
00
00
40
06
06
40
02
06
00
01
06
00
01
02
08
01
40
00
05
40
04
20
03
00
06
40
00
07
07
00
06
00
00
08
06
04
02
00
07
05
03
01
00
00
00
00
00
00
42
25
04
00
20
00
44
04
04
04
20
05
44
00
01
00
00
01
06
C6
40
00
06
0D
40
02
00
00
00
00
00
02
04
01
03
00
44
02
01
02
03
03
05
03
20
05
02
00
03
01
00
03
20
03
00
00
03
03
03
04
40
01
00
00
00
00
02
04
00
02
04
06
08
0A
0C
0E
01
00
04
05
00
20
00
00
00
05
25
24
00
00
00
00
00
22
04
03
00
00
00
04
62
00
00
04
00
00
0C
6E
09
61
24
40
02
04
02
02
02
00
00
00
00
00
00
00
00
00
00
00
00
00
00
00
00
03
67
20
40
67
00
00
42
00
60
07
0E
0C
0A
08
06
04
02
00
04
02
00
02
04
06
01
02
0C
62
62
04
01
07
40
01
A0
63
00
00
00
04
01
62
00
00
64
00
02
02
00
00
60
00
04
0C
07
05
03
01
00
00
00
00
00
01
03
05
03
03
01
0C
62
03
60
02
62
00
0C
02
02
02
00
03
05
03
01
00
01
05
00
02
03
00
01
06
02
02
25
00
00
62
00
06
00
02
00
05
01
00
01
03
05
00
02
04
06
08
0A
00
00
02
00
03
05
04
44
03
02
02
00
02
01
00
00
09
07
05
03
01
0C
04
02
00
62
62
40
00
05
02
40
60
00
09
00
0C
00
00
08
60
00
00
62
05
08
02
00
62
00
00
FF
01
01
03
02
03
01
01
40
00
00
FF
02
00
00
00
02
04
06
01
03
01
02
06
02
00
65
62
65
66
01
02
03
60
00
00
00
01
01
00
03
01
06
04
02
00
00
00
00
00
00
00
00
00
00
00
00
00
00
00
00
00
00
00
00
00
00
00
00
00
00
00
00
00
00
00
00
00
00
00
00
00
00
00
00
00
00
00
00
00
00
00
00
00
01
02
05
11
22
45
90
02
04
06
03
05
00
22
22
00
06
06
06
04
02
00
02
04
06
05
60
02
60
60
06
05
03
01
00
02
04
06
00
07
00
01
04
05
00
06
00
62
01
07
05
03
01
00
03
05
01
03
05
00
40
00
00
00
01
00
40
00
00
04
00
01
03
00
01
40
40
00
40
44
41
00
01
04
02
00
01
03
01
02
00
44
20
04
61
24
44
04
44
FF
40
40
04
02
00
00
04
00
01
04
60
00
40
03
00
00
00
00
60
01
05
03
00
02
01
61
40
02
00
01
03
05
03
05
60
40
00
00
60
41
60
40
00
04
00
00
00
02
04
06
09
01
41
02
02
44
42
46
42
05
49
42
00
01
42
40
02
42
01
42
01
08
05
03
01
00
00
48
03
02
42
06
07
07
09
47
49
60
65
05
62
60
45
06
45
48
06
45
05
FF
FF
03
06
00
06
40
40
40
0E
04
44
00
01
02
02
43
42
41
00
02
61
67
02
44
20
00
05
61
67
02
44
40
01
00
46
00
02
41
02
00
00
00
02
03
43
04
44
42
46
05
6A
48
42
49
42
00
42
03
60
00
40
42
62
01
42
44
FF
02
23
63
64
0B
03
60
09
02
42
01
61
05
40
00
FF
00
01
02
46
00
01
01
03
08
05
00
00
00
05
60
00
00
04
02
03
03
00
02
4C
02
2B
0B
00
04
02
02
03
03
49
00
6C
6C
02
00
03
21
03
63
00
63
20
00
4A
54
47
47
01
67
03
23
24
05
25
02
00
00
40
01
04
09
FF
04
44
FF
44
00
40
03
02
45
08
0A
44
04
04
65
64
06
09
45
48
60
FF
60
01
42
61
44
48
06
49
02
02
02
04
04
02
03
6D
63
49
01
49
02
02
00
0C
2E
0A
6D
6E
6D
6E
62
41
42
42
02
03
01
41
FF
4B
03
0B
02
4D
08
09
07
46
05
46
69
00
09
09
02
69
02
26
4D
01
42
42
4C
6F
02
01
00
00
02
44
02
06
45
44
06
45
44
02
00
09
29
2A
00
00
03
20
21
02
23
24
05
46
02
0E
46
06
0E
00
0B
0B
02
63
43
00
02
6F
44
00
00
00
00
04
62
02
00
00
47
02
60
63
20
21
00
02
01
20
00
00
21
63
02
22
05
00
00
47
FF
06
06
02
06
01
06
01
00
02
20
00
02
00
64
40
03
07
02
05
20
02
60
60
02
00
00
00
02
60
60
01
00
00
06
01
06
00
03
20
00
00
00
00
00
07
07
00
06
00
60
00
60
6F
6F
03
03
02
04
43
60
03
48
00
00
00
00
00
00
00
00
09
00
09
06
C6
00
06
60
40
03
40
63
66
60
00
00
00
00
00
00
00
00
04
40
00
FF
0F
6E
FF
44
04
64
06
08
04
43
03
66
27
66
4F
60
60
60
60
60
60
60
60
03
40
00
0D
0B
0A
05
06
06
00
06
01
06
01
01
00
00
45
06
00
45
06
02
05
07
05
FF
00
00
00
FF
4F
60
40
44
02
00
04
02
FF
00
40
00
00
20
40
00
40
00
00
00
60
20
40
40
00
00
20
40
20
20
00
00
06
66
00
06
06
40
00
06
07
40
67
66
00
00
00
00
00
00
00
00
04
46
46
06
08
00
68
67
0F
64
00
67
60
00
06
07
00
C0
06
40
00
08
06
06
00
FF
00
60
40
00
00
00
60
60
20
06
40
66
00
00
00
00
04
46
06
60
66
40
06
08
68
4F
00
68
68
FF
06
06
00
06
01
06
01
00
07
0D
06
06
02
06
01
06
01
00
04
01
05
04
20
03
00
06
60
00
07
07
00
06
00
00
03
03
02
00
C0
00
05
02
00
00
00
00
44
44
44
00
25
45
FF
06
06
02
06
01
06
02
00
00
00
02
00
00
02
02
23
01
00
FF
04
24
04
26
07
28
69
08
09
04
00
00
00
00
08
28
09
09
FF
00
01
01
01
00
00
6D
41
32
54
35
74
00
33
00
4E
00
20
58
35
00
6F
20
36
36
36
36
36
36
36
00
00
78
00
78
32
30
32
32
43
6E
74
2E
3A
00
6F
00
6F
6D
0A
00
0D
61
6D
00
64
65
00
20
74
00
6D
65
72
62
73
73
74
73
73
63
6F
0D
63
69
73
3A
65
66
6F
00
6E
63
00
00
00
00
00
00
00
00
00
00
00
00
00
00
00
00
00
00
00
00
00
00
00
00
00
00
00
00
00
00
00
00
00
4F
50
46
41
50
0F
0F
20
2D
11
37
57
59
58
58
58
59
00
00
00
00
00
32
00
00
00
32
00
00
00
32
00
00
00
32
00
00
00
32
00
00
00
01
00
00
00
01
00
00
00
32
00
00
00
32
00
00
00
32
00
00
00
72
00
00
00
32
00
FF
00
72
00
00
00
32
00
00
00
32
00
00
00
72
00
00
00
72
00
01
00
72
00
00
00
73
00
00
00
73
00
00
00
00
00
00
00
00
00
00
00
00
00
00
00
00
00
00
00
00
00
00
00
00
00
00
00
00
00
00
00
00
00
00
00
00
00
00
00
00
00
00
00
00
00
00
00
00
00
00
00
00
00
00
00
00
00
00
00
00
00
00
00
00
00
00
00
00
00
00
00
00
00
00
00
00
00
00
00
00
00
00
00
00
00
00
00
00
00
00
00
00
00
00
00
00
00
00
00
00
00
00
00
00
00
00
00
00
00
00
00
00
00
00
00
00
00
00
00
00
00
00
00
00
00
00
00
00
00
00
00
00
00
00
00
00
00
00
00
00
00
00
00
00
00
00
00
00
00
00
00
00
00
00
00
00
00
00
00
00
00
00
00
00
00
00
00
00
00
00
00
00
00
00
00
00
00
00
00
00
00
00
00
00
00
00
00
00
00
00
00
00
00
00
00
00
00
00
00
00
00
00
00
00
00
00
00
00
00
00
00
00
00
00
00
00
00
00
00
00
00
00
00
00
00
00
00
00
00
00
00
00
00
00
00
00
00
00
00
00
00
00
00
00
00
00
00
00
00
00
00
00
00
00
00
00
00
00
00
00
00
00
00
00
00
00
00
00
00
00
00
00
00
00
00
00
00
00
00
00
00
00
00
00
00
00
00
00
00
00
00
00
00
00
00
00
00
00
00
00
00
00
00
00
00
00
00
00
00
00
00
00
00
00
00
00
00
00
00
00
00
00
00
00
00
00
00
00
00
00
00
00
00
00
00
00
00
00
00
00
00
00
00
00
00
00
00
00
00
00
00
00
00
00
00
00
00
00
00
00
00
00
00
00
00
00
00
00
00
00
00
00
00
00
00
00
00
00
00
00
00
00
00
00
00
00
00
00
00
00
00
00
00
00
00
00
00
00
00
00
00
00
00
00
00
00
00
00
00
00
00
00
00
00
00
00
00
00
00
00
00
00
00
00
00
00
00
00
00
00
00
00
00
00
00
00
00
00
00
00
00
00
00
00
00
00
00
08
00
00
00
00
00
00
00
00
00
00
00
37
38
00
37
00
00
00
00
00
00
00
00
00
00
00
00
00
00
00
00
00
00
00
00
00
00
00
00
00
00
00
00
00
00
00
00
00
00
12
00
00
00
00
00
00
00
00
00
00
00
00
00
00
00
00
00
00
00
00
00
00
00
00
00
00
00
00
00
00
00
00
00
00
00
00
00
00
00
00
00
00
00
00
00
00
00
00
00
00
00
00
00
00
00
00
00
00
00
00
00
00
00
00
00
00
00
00
00
00
00
00
00
00
00
00
00
00
00
00
00
00
00
00
00
00
00
00
00
00
00
00
00
00
00
00
00
00
00
00
00
00
00
00
00
00
00
00
00
00
00
00
00
00
00
00
00
00
00
00
00
00
00
00
00
00
00
00
00
00
00
00
00
00
00
00
00
00
00
00
00
00
00
00
00
00
00
00
00
00
00
00
00
00
00
00
00
00
00
00
00
00
00
00
00
00
00
00
00
00
00
00
00
00
00
00
00
00
00
00
00
00
00
00
00
00
00
00
00
00
00
00
00
00
00
00
00
00
00
00
00
00
00
00
00
00
00
00
00
00
00
00
00
00
00
00
00
00
00
00
00
00
00
00
00
00
00
00
00
00
00
00
00
00
00
00
00
00
00
00
00
00
00
00
00
00
00
00
00
00
00
00
00
00
00
00
00
00
00
00
00
00
00
00
00
00
00
00
00
00
00
00
00
00
00
00
00
00
00
00
00
00
00
00
00
00
00
00
00
00
00
00
00
00
00
00
00
00
00
00
00
00
00
00
00
00
00
00
00
00
00
00
00
00
00
00
00
00
00
00
00
00
00
00
00
00
00
00
00
00
00
00
00
00
00
00
00
00
00
00
00
00
00
00
00
00
00
00
00
00
00
00
00
00
00
00
00
00
00
00
00
00
00
00
00
00
00
00
00
00
00
00
00
00
00
00
00
00
00
00
00
00
00
00
00
00
00
00
00
00
00
00
00
00
00
00
00
00
00
00
00
00
00
00
00
00
00
00
00
00
00
00
00
00
00
00
00
00
00
00
00
00
00
00
00
00
00
00
00
00
00
00
00
00
00
00
00
00
00
00
00
00
00
00
00
00
00
00
00
00
00
00
00
00
00
00
00
00
00
00
00
00
00
00
00
00
00
00
00
00
00
00
00
00
00
00
00
00
00
00
00
00
00
00
00
00
00
00
00
00
00
00
00
00
00
00
00
00
00
00
00
00
00
00
00
00
00
00
00
00
00
00
00
00
00
00
00
00
00
00
00
00
00
00
00
00
00
00
00
00
00
00
00
00
00
00
00
00
00
00
00
00
00
00
00
00
00
00
00
00
00
00
00
00
00
00
00
00
00
00
00
00
00
00
00
00
00
00
00
00
00
00
00
00
00
00
00
00
00
00
00
00
00
00
00
00
00
00
00
00
00
00
00
00
00
00
00
00
00
00
00
00
00
00
00
00
00
00
00
00
00
00
00
00
00
00
00
00
00
00
00
00
00
00
00
00
00
00
00
00
00
00
00
00
00
00
00
00
00
00
00
00
00
00
00
00
00
00
00
00
00
00
00
00
00
00
00
00
00
00
00
00
00
00
00
00
00
00
00
00
00
00
00
00
00
00
00
00
00
00
00
00
00
00
00
00
00
00
00
00
00
00
00
00
00
00
00
00
00
00
00
00
00
00
00
00
00
00
00
00
00
00
00
00
00
00
00
00
00
00
00
00
00
00
00
00
00
00
00
00
00
00
00
00
00
00
00
00
00
00
00
00
00
00
00
00
00
00
00
00
00
00
00
00
00
00
00
00
00
00
00
00
00
00
00
00
00
00
00
00
00
00
00
00
00
00
00
00
00
00
00
00
00
00
00
00
00
00
00
00
00
00
00
00
00
00
00
00
00
00
00
00
00
00
00
00
00
00
00
00
00
00
00
00
00
00
00
00
00
00
00
00
00
00
00
00
00
00
00
00
00
00
00
00
00
00
00
00
00
00
00
00
00
00
00
00
00
00
00
00
00
00
00
00
00
00
00
00
00
00
00
00
00
00
00
00
00
00
00
00
00
00
00
00
00
00
00
00
00
00
00
00
00
00
00
00
00
00
00
00
00
00
00
00
00
00
00
00
00
00
00
00
00
00
00
00
00
00
00
00
00
00
00
00
00
00
00
00
00
00
00
00
00
00
00
00
00
00
00
00
00
00
00
00
00
00
00
00
00
00
00
00
00
00
00
00
00
00
00
00
00
00
00
00
00
00
00
00
00
00
00
00
00
00
00
00
00
00
00
00
00
00
00
00
00
00
00
00
00
00
00
00
00
00
00
00
00
00
00
00
00
00
00
00
