00
22
63
02
00
01
01
0E
0E
0F
0B
20
20
02
46
23
40
21
00
00
40
00
00
4A
6A
6B
02
4B
45
00
07
24
28
6B
24
0E
02
6E
6C
0A
6C
24
6D
0D
21
0B
21
00
00
05
25
20
00
00
0A
05
0C
00
00
00
00
00
22
04
64
62
00
00
05
44
24
05
24
64
04
05
44
00
04
04
05
64
04
62
00
00
00
01
01
03
23
03
02
01
03
07
0A
0C
01
00
01
62
06
03
4D
00
00
01
4D
0C
01
0C
01
01
00
00
15
00
00
00
00
00
00
00
00
00
01
0A
05
02
07
09
04
4B
09
0C
61
01
22
22
01
02
42
04
01
23
24
24
22
03
00
00
01
01
40
01
04
00
00
00
22
03
00
40
61
0C
00
00
02
0C
20
00
01
01
47
00
02
0B
03
00
43
00
03
03
02
02
03
44
04
06
02
02
FF
01
00
21
00
06
07
00
00
01
02
02
01
FF
01
00
00
02
03
02
FF
01
00
00
02
03
00
02
01
00
21
01
02
02
02
01
00
21
01
02
02
02
FF
01
00
00
02
03
02
FF
01
00
00
02
03
00
02
01
40
01
00
FF
01
40
61
20
20
00
FF
02
03
02
00
61
04
24
02
02
02
02
02
06
0C
20
01
01
22
04
00
01
00
00
41
43
00
02
06
00
65
03
03
0C
48
40
0C
02
4B
68
0C
00
02
06
26
01
46
0D
00
00
0B
08
47
64
05
65
47
00
00
47
64
45
00
00
FF
47
6E
6C
6F
00
02
02
47
00
60
00
FF
02
02
47
00
0C
00
00
00
0C
00
00
00
00
02
04
06
08
0A
0C
0E
01
03
00
00
00
0F
00
00
02
00
02
43
05
03
05
00
02
02
07
08
0C
01
00
21
21
09
02
02
02
02
01
02
2D
0D
01
01
00
03
01
03
01
0E
0C
0A
08
06
04
02
00
40
41
0F
0F
06
61
02
02
00
63
63
63
61
03
02
02
02
07
0B
0F
01
FF
09
02
02
02
62
01
02
2D
0D
01
01
00
03
01
00
02
04
06
08
0A
0C
0E
01
03
00
0F
00
00
02
0F
0D
0B
09
07
05
03
01
00
00
00
65
00
00
00
02
00
01
01
03
00
60
42
41
00
01
01
03
00
FF
01
03
05
07
0F
02
02
40
01
01
00
0F
00
00
02
00
63
63
05
65
66
03
01
01
00
01
03
05
07
0F
02
02
40
01
01
00
0F
00
00
02
0F
07
05
03
01
00
00
00
65
00
00
02
00
01
01
01
01
05
08
63
21
C2
03
02
02
01
21
C2
22
22
01
03
06
01
A1
A1
03
02
02
01
01
02
02
01
03
03
FF
0B
05
04
0A
0A
0B
0A
04
0A
00
02
04
06
03
00
62
64
44
62
00
00
00
00
00
00
00
02
05
03
01
00
00
06
05
00
00
03
60
06
06
FF
01
03
01
03
60
03
01
03
01
00
21
00
01
00
01
01
01
41
00
01
01
01
01
03
63
42
02
00
02
00
00
02
00
01
01
42
41
00
00
01
01
40
00
01
01
01
01
02
04
07
02
04
06
08
0A
0C
0E
6D
03
04
68
6A
44
27
28
29
2A
67
68
69
6A
02
61
6A
4A
61
00
05
69
09
03
40
40
03
40
42
20
40
40
22
42
40
22
03
42
40
03
42
43
40
67
02
42
40
03
02
68
03
03
48
49
05
02
43
48
44
43
43
0E
02
4E
03
44
03
44
03
40
03
08
00
65
60
05
05
07
61
61
65
29
23
00
60
03
03
06
26
28
44
44
02
43
05
65
66
66
45
03
45
09
68
04
6C
61
03
03
01
00
63
01
00
05
03
02
6C
62
03
FF
4A
0C
0D
4B
03
25
03
04
25
01
60
60
00
02
43
49
05
43
03
02
42
05
00
00
60
60
05
0C
0D
4B
60
4A
0E
0C
0A
08
06
04
02
07
04
02
60
00
0A
01
03
05
07
09
01
04
06
06
02
22
42
62
60
60
00
60
00
00
01
04
44
00
03
02
02
00
00
62
42
40
00
05
02
40
60
00
09
69
08
28
08
05
02
03
03
02
00
07
04
02
03
03
00
00
69
02
60
00
06
04
01
09
07
05
03
01
00
00
00
01
62
60
03
02
03
61
07
64
02
42
02
06
05
46
46
01
05
66
08
06
06
46
41
66
FF
00
FF
02
04
02
04
24
42
44
01
02
62
44
00
02
63
FF
62
40
03
01
00
00
00
00
00
00
00
00
00
00
00
00
00
00
00
00
00
00
00
00
00
00
00
02
04
01
03
40
03
01
04
02
00
02
22
42
62
02
42
02
03
04
45
41
03
02
00
01
01
41
00
01
02
03
01
00
02
04
02
00
00
02
04
02
00
02
22
42
62
02
42
02
03
04
41
03
02
00
01
01
41
00
01
02
03
01
00
02
00
00
00
62
00
00
01
01
02
03
03
01
02
02
42
01
01
03
00
00
00
00
02
00
00
02
04
01
03
40
03
01
04
02
00
03
04
44
03
03
01
42
42
04
01
43
02
04
41
03
44
03
00
00
41
00
01
01
02
03
01
FF
74
0A
20
6D
00
6F
65
20
6A
00
01
03
05
07
0F
11
01
03
05
07
09
01
10
11
00
00
00
06
00
03
20
00
00
05
00
00
07
07
00
06
00
00
08
06
04
02
00
10
08
06
04
02
00
00
40
43
4F
03
03
FF
02
04
43
40
03
48
00
00
00
00
00
00
00
00
09
00
09
06
C6
00
06
60
40
03
20
4F
60
60
60
60
60
60
60
60
03
40
00
00
FF
0F
00
24
08
48
03
04
47
43
60
00
00
00
00
00
00
00
00
04
40
FF
01
00
00
00
FF
01
03
05
07
09
0B
0D
0F
11
13
01
03
05
07
09
01
10
11
12
73
05
00
01
00
01
06
C6
00
06
03
02
03
04
46
22
00
05
02
05
07
05
FF
00
00
00
08
06
04
02
00
12
10
0E
0C
0A
08
06
04
02
00
00
6F
04
40
44
00
04
02
00
00
40
00
00
20
40
00
40
00
00
00
40
20
40
40
00
00
20
40
20
20
00
00
00
00
06
06
02
06
00
46
20
08
46
00
00
00
00
00
00
00
00
04
46
46
06
08
00
48
4F
00
45
05
00
20
08
06
06
00
06
05
40
07
06
07
00
C0
02
00
00
40
40
00
40
20
40
07
00
08
40
40
40
40
06
06
46
40
40
46
40
06
08
47
49
44
00
4F
01
00
01
06
C6
00
06
40
01
01
00
00
00
00
FF
72
69
20
20
7A
00
01
00
00
00
01
00
47
00
06
07
00
C0
02
00
06
40
00
00
00
40
46
47
40
08
26
00
FF
01
03
05
07
0E
01
01
0D
0E
03
06
06
00
06
01
06
01
00
02
05
20
02
60
00
23
23
00
00
62
00
00
03
04
00
20
00
02
20
00
01
26
01
0E
07
05
03
01
00
01
03
05
07
00
02
04
06
08
02
4D
00
00
01
02
00
01
06
C6
40
02
06
40
00
04
03
00
03
40
00
09
20
00
00
05
00
00
02
07
07
00
03
01
09
07
05
03
01
0D
06
04
02
00
03
03
02
00
C0
00
05
02
00
00
00
00
44
44
44
00
45
45
FF
40
06
06
40
00
06
00
01
06
01
00
01
00
00
00
00
FF
01
03
00
02
05
04
00
42
01
42
02
43
03
23
00
03
01
04
02
00
03
00
03
20
00
03
00
03
01
00
01
00
00
00
00
FF
03
05
01
03
05
07
09
0B
0D
0F
03
00
05
25
24
00
00
03
04
05
00
20
00
00
00
04
02
22
22
02
00
00
00
00
62
00
00
62
62
00
6D
6F
04
21
40
03
03
05
02
62
2C
2D
2E
2F
01
00
62
00
00
62
00
00
62
00
00
62
00
00
00
04
05
00
08
42
02
00
00
0F
0D
0B
09
07
05
03
01
05
03
00
01
03
05
07
0C
07
02
62
62
65
06
07
00
00
06
00
67
00
04
00
62
62
00
00
63
00
02
02
62
02
00
00
04
01
06
04
02
00
00
00
00
00
00
02
04
02
0C
02
00
65
00
00
0C
02
00
60
02
02
02
60
0C
02
04
02
00
00
02
06
01
03
06
00
00
01
02
00
00
00
00
05
20
00
03
01
06
02
00
00
02
04
0C
01
03
05
07
09
01
02
40
42
02
02
02
44
01
00
00
00
04
00
00
00
0A
08
06
04
02
00
05
03
01
00
00
40
00
43
20
04
63
60
02
49
6A
04
00
00
00
62
01
08
05
00
08
00
08
00
00
01
00
00
02
00
01
00
41
00
03
00
00
03
01
01
00
01
03
05
00
02
00
03
03
62
00
00
61
61
66
03
05
04
03
60
03
00
03
01
FF
00
02
00
05
03
01
00
00
00
00
00
00
00
00
00
00
00
00
00
00
00
00
00
00
00
00
00
01
02
04
08
16
33
67
34
68
36
73
47
94
89
79
59
19
38
77
55
11
23
46
93
86
72
44
88
76
53
06
13
27
54
01
03
05
01
04
66
02
02
00
66
FF
60
05
03
01
01
03
05
04
06
01
22
01
FF
06
04
02
00
01
03
05
07
01
60
01
03
00
00
00
26
00
07
00
06
04
02
00
00
04
00
01
04
40
00
40
03
00
00
00
00
40
01
05
03
00
02
04
01
04
00
40
01
42
44
40
40
00
03
01
00
02
04
01
03
44
04
24
00
21
04
44
44
44
01
01
01
03
01
00
03
05
01
03
05
00
40
00
00
00
41
00
40
00
00
04
00
01
01
02
62
01
01
00
00
04
01
04
60
00
40
03
60
00
60
00
60
05
03
01
00
01
03
05
08
01
02
03
43
44
05
46
05
48
42
05
01
40
03
40
00
00
42
42
02
09
06
04
02
00
02
01
03
02
04
01
05
40
04
47
09
07
65
05
60
62
60
05
FF
05
0A
03
45
45
0A
22
02
06
07
00
00
00
0F
03
24
FF
01
66
44
43
02
41
C1
05
42
61
61
42
03
00
02
42
61
61
42
03
05
00
04
47
00
04
01
00
00
00
01
41
02
02
44
05
06
66
42
08
05
09
05
05
40
01
62
00
22
00
01
42
42
04
01
05
03
02
62
62
02
FF
00
44
42
60
21
03
02
40
05
00
06
26
0F
4F
66
4F
03
07
04
00
00
0F
65
04
60
0F
02
00
03
03
0F
02
4C
0C
0B
2B
09
0A
04
01
03
03
44
0B
10
02
00
62
01
0C
05
61
01
63
00
00
47
4D
56
47
00
02
00
04
03
02
02
01
01
00
07
41
41
09
00
00
40
65
40
40
04
00
45
45
05
09
67
64
44
05
44
02
08
0A
08
40
40
61
41
41
41
64
08
09
69
41
62
68
49
FF
05
03
08
02
02
69
0F
0B
02
09
0E
4B
02
4E
6D
10
6D
4E
61
02
42
40
03
00
02
01
4A
4C
4B
61
08
08
00
69
6A
46
04
69
09
69
49
00
49
06
05
4D
42
42
06
4A
00
6B
03
00
00
00
02
45
44
45
44
65
45
45
0F
40
08
28
0A
4A
00
00
02
01
2A
63
04
24
04
07
47
2E
0A
4E
00
00
2B
07
43
23
00
00
44
4F
06
02
00
00
0E
0A
62
0A
00
06
49
00
40
63
02
00
00
20
21
00
00
02
02
63
06
26
62
60
00
49
01
02
01
06
C6
02
06
01
04
06
20
64
40
6F
04
00
06
00
03
20
00
6F
00
00
00
00
60
66
6F
FF
00
21
60
07
00
06
01
01
04
20
03
05
60
06
08
07
07
00
03
FF
00
00
43
6E
63
43
03
05
03
00
00
04
60
60
60
60
60
60
60
60
03
06
06
00
06
09
06
09
03
08
06
20
66
6F
60
60
60
60
60
60
60
60
03
40
00
00
4F
01
60
00
00
24
60
60
48
03
04
66
47
63
66
60
00
00
00
00
00
00
00
00
04
40
FF
07
06
40
01
00
01
06
C6
00
06
03
02
03
04
46
22
00
05
44
06
06
07
05
00
02
00
00
6F
04
40
60
24
00
00
00
03
00
04
40
05
40
05
40
60
40
40
00
20
60
00
60
40
00
00
40
20
20
06
00
00
00
66
00
07
06
02
06
00
66
20
08
60
60
60
60
60
60
60
60
06
06
02
69
09
26
64
FF
4F
00
65
05
00
20
08
06
06
00
06
05
60
07
06
07
00
C0
02
00
00
40
40
00
60
20
60
07
00
08
40
40
40
40
06
06
46
60
20
68
40
06
26
67
69
44
FF
4F
01
00
01
06
C6
00
06
00
00
06
01
02
01
06
C6
02
06
03
02
08
03
09
20
00
00
05
00
00
02
07
07
00
03
02
00
00
00
00
00
00
62
25
04
00
20
00
64
04
04
04
20
05
64
01
02
01
06
C6
02
06
02
01
21
03
0C
01
00
00
23
03
00
00
05
05
24
26
06
69
48
24
08
24
01
00
01
00
00
28
08
09
09
00
00
00
01
00
20
74
00
32
00
48
00
37
53
34
58
35
6C
00
53
47
63
6F
00
00
00
00
00
00
00
46
32
36
30
36
30
78
00
00
00
00
62
37
36
35
6E
20
74
72
72
00
00
00
72
72
61
65
79
6D
63
3A
72
72
69
00
74
70
00
6D
70
00
65
73
00
20
79
61
00
6E
20
20
65
6F
20
00
00
00
00
00
00
00
00
00
00
00
00
00
00
00
00
00
00
00
00
00
00
00
00
00
00
00
00
00
00
00
00
52
4F
4C
43
42
4C
13
1E
22
31
36
57
58
58
58
58
59
00
00
00
00
00
00
00
00
00
FF
00
00
00
FF
00
00
00
02
00
00
00
00
00
00
00
00
00
00
00
02
00
00
00
00
00
00
00
00
00
00
00
00
00
00
00
00
00
00
00
00
00
00
00
00
00
00
00
00
00
00
00
00
00
00
00
00
00
00
00
01
00
00
00
00
00
00
00
00
00
00
00
00
00
00
00
00
00
00
00
00
00
00
00
00
00
00
00
00
00
00
00
00
00
00
00
00
00
00
00
00
00
00
00
00
00
00
00
00
00
00
00
00
00
00
00
00
00
00
00
00
00
00
00
00
00
00
00
00
00
00
00
00
00
00
00
00
00
00
00
00
00
00
00
00
00
00
00
00
00
00
00
00
00
00
00
00
00
00
00
00
00
00
00
00
00
00
00
00
00
00
00
00
00
00
00
00
00
00
00
00
00
00
00
00
00
00
00
00
00
00
00
00
00
00
00
00
00
00
00
00
00
00
00
00
00
00
00
00
00
00
00
00
00
00
00
00
00
00
00
00
00
00
00
00
00
00
00
00
00
00
00
00
00
00
00
00
00
00
00
00
00
00
00
00
00
00
00
00
00
00
00
00
00
00
00
00
00
00
00
00
00
00
00
00
00
00
00
00
00
00
00
00
00
00
00
00
00
00
00
00
00
00
00
00
00
00
00
00
00
00
00
00
00
00
00
00
00
00
00
00
00
00
00
00
00
00
00
00
00
00
00
00
00
00
00
00
00
00
00
00
00
00
00
00
00
00
00
00
00
00
00
00
00
00
00
00
00
00
00
00
00
00
00
00
00
00
00
00
00
00
00
00
00
00
00
00
00
00
00
00
00
00
00
00
00
00
00
00
00
00
00
00
00
00
00
00
00
00
00
00
00
00
00
00
00
00
00
00
00
00
00
00
00
00
00
00
00
00
00
00
00
00
00
00
00
00
00
00
00
00
00
00
00
00
00
00
00
00
00
00
00
00
00
00
00
00
00
00
00
00
00
00
00
00
00
00
00
00
00
00
00
00
00
00
00
00
00
00
00
00
00
00
00
00
00
00
00
00
00
00
00
00
00
00
00
00
00
00
00
00
00
00
00
00
00
00
00
00
00
00
00
00
00
00
00
00
00
00
00
00
00
00
00
00
00
00
00
00
00
00
00
00
00
00
00
00
00
00
00
00
00
00
00
00
00
00
00
00
00
00
00
00
00
00
00
00
00
00
00
00
00
00
00
00
00
00
00
00
00
00
00
00
00
00
00
00
00
00
00
00
00
00
00
00
00
00
00
00
00
00
00
00
00
00
00
00
00
00
00
00
08
00
00
00
00
00
00
00
00
00
00
00
00
00
00
00
00
00
00
00
00
00
00
00
00
00
00
00
00
00
00
00
00
00
00
00
00
00
00
00
00
00
00
00
00
00
00
00
00
00
00
00
00
00
00
00
00
00
00
00
00
00
00
00
00
00
00
00
00
00
00
00
00
00
00
00
00
00
00
00
00
00
00
00
00
00
00
00
00
00
00
00
00
00
00
00
00
00
00
00
00
00
00
00
00
00
00
00
00
00
00
00
00
00
00
00
00
00
00
00
00
00
00
00
00
00
00
00
00
00
00
00
00
00
00
00
00
00
00
00
00
00
00
00
00
00
00
00
00
00
00
00
00
00
00
00
00
00
00
00
00
00
00
00
00
00
00
00
00
00
00
00
00
00
00
00
00
00
00
00
00
00
00
00
00
00
00
00
00
00
00
00
00
00
00
00
00
00
00
00
00
00
00
00
00
00
00
00
00
00
00
00
00
00
00
00
00
00
00
00
00
00
00
00
00
00
00
00
00
00
00
00
00
00
00
00
00
00
00
00
00
00
00
00
00
00
00
00
00
00
00
00
00
00
00
00
00
00
00
00
00
00
00
00
00
00
00
00
00
00
00
00
00
00
00
00
00
00
00
00
00
00
00
00
00
00
00
00
00
00
00
00
00
00
00
00
00
00
00
00
00
00
00
00
00
00
00
00
00
00
00
00
00
00
00
00
00
00
00
00
00
00
00
00
00
00
00
00
00
00
00
00
00
00
00
00
00
00
00
00
00
00
00
00
00
00
00
00
00
00
00
00
00
00
00
00
00
00
00
00
00
00
00
00
00
00
00
00
00
00
00
00
00
00
00
00
00
00
00
00
00
00
00
00
00
00
00
00
00
00
00
00
00
00
00
00
00
00
00
00
00
00
00
00
00
00
00
00
00
00
00
00
00
00
00
00
00
00
00
00
00
00
00
00
00
00
00
00
00
00
00
00
00
00
00
00
00
00
00
00
00
00
00
00
00
00
00
00
00
00
00
00
00
00
00
00
00
00
00
00
00
00
00
00
00
00
00
00
00
00
00
00
00
00
00
00
00
00
00
00
00
00
00
00
00
00
00
00
00
00
00
00
00
00
00
00
00
00
00
00
00
00
00
00
00
00
00
00
00
00
00
00
00
00
00
00
00
00
00
00
00
00
00
00
00
00
00
00
00
00
00
00
00
00
00
00
00
00
00
00
00
00
00
00
00
00
00
00
00
00
00
00
00
00
00
00
00
00
00
00
00
00
00
00
00
00
00
00
00
00
00
00
00
00
00
00
00
00
00
00
00
00
00
00
00
00
00
00
00
00
00
00
00
00
00
00
00
00
00
00
00
00
00
00
00
00
00
00
00
00
00
00
00
00
00
00
00
00
00
00
00
00
00
00
00
00
00
00
00
00
00
00
00
00
00
00
00
00
00
00
00
00
00
00
00
00
00
00
00
00
00
00
00
00
00
00
00
00
00
00
00
00
00
00
00
00
00
00
00
00
00
00
00
00
00
00
00
00
00
00
00
00
00
00
00
00
00
00
00
00
00
00
00
00
00
00
00
00
00
00
00
00
00
00
00
00
00
00
00
00
00
00
00
00
00
00
00
00
00
00
00
00
00
00
00
00
00
00
00
00
00
00
00
00
00
00
00
00
00
00
00
00
00
00
00
00
00
00
00
00
00
00
00
00
00
00
00
00
00
00
00
00
00
00
00
00
00
00
00
00
00
00
00
00
00
00
00
00
00
00
00
00
00
00
00
00
00
00
00
00
00
00
00
00
00
00
00
00
00
00
00
00
00
00
00
00
00
00
00
00
00
00
00
00
00
00
00
00
00
00
00
00
00
00
00
00
00
00
00
00
00
00
00
00
00
00
00
00
00
00
00
00
00
00
00
00
00
00
00
00
00
00
00
00
00
00
00
00
00
00
00
00
00
00
00
00
00
00
00
00
00
00
00
00
00
00
00
00
00
00
00
00
00
00
00
00
00
00
00
00
00
00
00
00
00
00
00
00
00
00
00
00
00
00
00
00
00
00
00
00
00
00
00
00
00
00
00
00
00
00
00
00
00
00
00
00
00
00
00
00
00
00
00
00
00
00
00
00
00
00
00
00
00
00
00
00
00
00
00
00
00
00
00
00
00
00
00
00
00
00
00
00
00
00
00
00
00
00
00
00
00
00
00
00
00
00
00
00
00
00
00
00
00
00
00
00
00
00
00
00
00
00
00
00
