E0
24
80
F7
40
45
46
00
00
02
7A
FF
20
20
80
40
00
40
00
55
40
00
00
4A
0B
04
45
07
60
14
40
40
FC
55
04
AB
67
6E
6C
00
AA
80
6C
0E
00
00
01
01
03
00
88
11
0F
0D
00
25
60
28
D4
F8
7A
00
02
22
64
62
F3
F1
08
00
5F
09
08
02
40
00
07
00
FD
00
00
40
4A
62
01
CD
CB
11
02
40
23
10
0B
02
40
30
00
3C
2B
00
80
FE
00
2D
7E
40
40
ED
0C
80
FE
20
0C
4D
00
15
00
D9
00
00
00
00
00
00
00
00
01
00
00
0B
00
03
04
4B
14
00
00
00
02
02
14
41
0F
00
40
09
08
02
40
FE
40
50
01
01
40
07
40
0D
F2
00
22
13
41
0B
40
41
17
41
F2
40
02
20
00
04
B4
01
48
E7
E0
40
00
40
03
0A
AF
2A
06
44
0D
40
40
40
E0
00
20
40
06
07
08
00
01
7E
08
40
43
C6
02
05
C9
02
02
42
C6
03
05
C9
02
02
02
5A
01
40
4F
02
0F
02
4C
01
40
4F
02
0F
45
45
C6
06
05
C9
02
02
44
C6
07
05
C9
02
02
02
13
41
00
40
40
13
41
00
40
FF
42
40
08
0D
04
40
80
64
24
FA
00
0A
9B
F2
80
16
20
04
01
80
15
9B
40
03
02
43
14
00
E0
40
D0
65
60
40
E6
80
FC
09
00
67
4B
BA
10
04
00
40
4B
03
07
40
00
47
3D
E0
00
64
60
07
05
00
0C
FB
65
02
47
40
E0
40
00
40
64
6E
0B
07
00
E3
04
47
6F
0B
07
00
D5
80
07
00
FD
F0
9B
00
00
00
00
00
00
00
00
00
00
00
E3
00
00
0F
01
60
80
02
0B
61
63
61
0C
00
0E
00
00
F3
30
05
00
21
21
08
0D
0A
20
80
01
02
02
02
02
00
06
08
40
40
00
00
00
00
00
00
00
00
00
00
14
00
52
02
0B
00
01
02
0B
80
80
1F
80
05
00
00
00
0F
C6
80
FE
08
0D
0A
20
80
01
02
02
02
02
00
06
0D
0A
A5
00
00
00
00
00
00
00
00
00
00
0F
01
60
00
00
00
00
00
00
00
00
00
00
40
00
99
80
E4
40
40
0D
52
4F
00
07
0E
30
14
00
52
4F
00
07
46
00
00
00
00
00
00
00
40
04
01
00
0F
01
40
80
02
0B
80
80
63
80
00
08
40
40
00
00
00
00
00
00
00
40
04
41
00
0F
01
40
00
00
00
00
00
00
00
40
00
13
80
EA
40
00
57
4F
0D
0A
D0
09
01
1B
21
03
12
F9
02
01
21
01
01
01
03
80
BC
40
40
03
11
FA
02
01
FF
07
02
01
03
EA
00
00
03
BF
0A
7A
0A
00
00
00
00
00
00
00
01
60
62
00
1A
00
80
80
80
07
6A
28
00
00
00
00
00
80
E5
83
80
03
60
64
00
26
07
00
00
00
00
6B
0A
00
00
00
00
ED
02
03
40
00
E3
41
14
00
44
4F
0D
0A
DD
18
63
42
E2
00
00
40
00
00
00
80
05
2B
42
20
E3
41
14
00
43
50
0D
0A
E0
00
00
00
00
00
00
00
00
00
00
00
40
04
04
5C
64
66
70
72
21
61
61
61
61
61
61
00
09
4A
00
00
80
00
40
54
80
40
40
70
80
40
72
80
40
64
80
80
40
00
40
00
42
80
5C
40
00
00
00
80
24
40
40
44
44
40
07
00
48
02
07
40
02
D0
80
00
1F
43
80
00
80
02
32
40
20
65
45
80
45
C1
26
40
29
EB
DA
60
40
80
00
72
26
28
40
40
40
25
42
F7
00
7F
44
09
F0
68
80
45
F2
40
32
01
47
00
61
6C
00
43
80
FE
64
69
48
03
40
3F
40
00
00
40
80
10
02
00
80
40
80
62
80
14
00
40
25
80
60
60
62
02
00
03
40
C0
40
48
00
00
00
00
00
00
00
00
00
00
00
08
00
DC
00
00
00
00
00
00
00
00
03
4B
52
45
40
60
60
60
04
07
02
04
40
0B
20
20
00
00
F9
3C
11
40
F8
43
4F
00
40
60
48
40
E8
70
28
08
80
00
00
03
D8
45
00
80
00
00
09
47
01
F2
C4
60
00
00
00
00
00
00
00
00
00
00
0D
FF
00
10
80
03
00
63
61
01
00
0B
45
00
1A
80
46
40
E0
0F
66
FD
66
40
66
02
66
00
00
00
00
70
40
72
80
23
43
21
40
6F
00
40
44
61
3C
00
00
00
00
00
00
00
00
00
00
00
00
00
00
00
00
00
00
00
00
00
00
00
00
00
00
00
00
00
00
97
0B
00
00
00
00
00
00
00
40
62
48
42
00
10
80
08
03
DF
00
E3
41
14
00
52
50
0D
0A
CB
00
00
00
00
40
00
00
00
00
00
00
00
00
62
48
42
00
10
80
03
E2
00
E3
41
14
00
53
50
0D
0A
CE
00
00
00
40
98
62
0D
00
00
80
03
02
03
40
02
14
42
08
40
0D
0D
0A
00
00
00
00
00
00
00
00
E3
0B
00
00
00
00
00
48
40
34
00
40
40
08
00
03
40
0B
20
20
03
04
00
08
00
40
04
40
08
40
40
40
40
69
66
00
6E
6D
52
0D
72
6E
63
00
00
00
00
00
00
00
00
00
00
00
E3
41
50
51
00
00
0B
00
00
00
20
FC
10
00
06
80
04
FB
00
EC
0D
00
00
00
00
00
00
00
00
00
00
00
00
08
00
43
63
43
90
00
02
FF
04
00
1C
80
60
60
60
60
60
60
60
F0
05
40
00
06
00
0B
00
00
00
4F
4F
80
00
00
00
00
00
00
00
00
18
40
03
A4
4F
00
00
64
04
18
00
FF
02
4F
80
60
60
60
60
60
60
60
EF
00
D4
B0
E7
03
E3
E1
00
00
00
00
00
00
00
00
00
00
00
00
00
00
00
E3
41
50
51
52
7F
80
2E
05
40
00
06
00
0B
00
00
00
FF
20
04
FB
45
00
06
80
04
05
00
23
0D
00
00
00
00
00
00
00
00
00
00
00
00
00
00
00
00
AE
6F
40
40
03
D4
00
00
02
00
40
00
4F
00
40
44
40
40
00
80
40
FF
4F
80
80
80
80
80
80
80
00
02
20
80
02
80
F8
00
C0
4F
4F
47
80
60
60
60
60
60
60
60
F0
18
08
44
00
00
44
97
02
45
00
4F
4F
10
05
00
00
FE
00
20
FD
00
00
00
40
65
02
44
40
80
80
80
40
45
80
18
80
47
00
00
00
00
00
00
3E
26
02
46
80
04
00
4F
00
47
48
A2
05
40
00
06
00
0B
02
04
41
08
40
40
40
40
69
61
74
6E
72
00
00
00
06
00
00
00
00
02
02
00
00
00
E7
02
44
44
40
40
40
40
02
46
80
FE
04
FF
FF
00
00
00
00
00
00
E3
41
4D
4E
00
02
00
40
FE
02
40
00
20
01
20
03
0B
00
00
FD
45
F1
0D
F8
28
23
FF
00
25
20
26
09
01
28
E3
F3
00
00
00
00
00
00
00
00
00
00
00
00
00
00
00
00
40
00
3F
40
05
40
40
00
06
10
00
0B
11
00
00
00
00
40
10
00
40
00
20
FC
11
06
00
80
00
00
1B
00
7C
7D
00
00
00
00
00
00
00
00
00
00
00
05
40
00
0B
42
40
00
00
00
20
44
80
80
80
00
04
45
10
00
02
11
00
40
FE
40
02
40
04
40
08
40
40
40
40
00
00
00
00
00
E3
44
10
00
11
00
12
00
40
20
00
00
00
00
00
00
40
40
40
7F
FF
40
40
FE
04
40
08
40
40
40
40
00
00
00
00
00
00
00
00
00
00
0D
C0
03
40
88
40
28
38
B5
00
25
20
AD
AB
A9
A7
30
40
7F
0A
BA
2C
34
20
40
B0
48
28
30
A8
00
2C
01
29
24
40
07
03
20
02
00
06
04
02
F4
60
30
84
78
30
7E
94
30
78
AC
30
72
03
40
FF
40
67
49
30
42
42
28
F8
00
00
00
00
00
00
00
00
00
00
00
00
00
00
00
08
70
00
02
01
0B
07
44
00
09
64
00
60
60
F2
0D
62
FC
28
05
07
60
02
30
EE
20
28
04
00
00
00
00
00
00
00
00
00
00
00
00
00
00
03
0D
00
80
10
60
20
80
BA
00
80
80
80
B1
00
00
00
00
00
00
00
00
00
03
00
0E
50
00
02
02
8E
28
80
00
12
40
00
00
00
00
00
00
00
00
00
00
00
00
00
00
07
43
14
02
00
03
00
44
00
13
12
1C
00
0D
4B
49
00
00
00
00
00
00
00
00
00
43
62
40
50
00
00
45
53
D5
00
41
00
80
00
24
60
30
12
20
40
20
05
09
49
05
03
B1
00
00
00
08
02
40
04
40
80
03
FC
00
00
00
00
00
00
00
00
00
00
50
00
04
80
80
62
65
66
3C
FC
00
66
00
04
80
01
01
00
00
00
00
00
00
00
00
00
00
00
00
00
00
00
00
00
00
00
00
00
00
00
00
00
00
00
00
00
00
00
00
00
00
00
00
00
00
00
00
00
00
01
03
06
13
27
54
09
19
39
79
59
18
36
73
47
94
89
79
59
19
00
00
00
C6
0F
80
08
02
00
06
FF
00
00
00
00
00
00
00
D0
60
01
60
60
FF
00
00
00
00
00
00
00
00
10
00
0F
C6
07
02
00
00
62
00
00
00
00
00
00
00
00
00
08
0C
00
00
FB
00
00
00
00
00
F8
00
00
00
00
00
00
0B
40
02
FC
03
05
41
FA
00
00
00
00
00
00
00
40
00
44
20
FB
20
21
40
FB
44
EE
40
41
00
00
00
00
00
00
0B
E0
60
00
40
18
00
00
00
00
60
00
00
00
00
00
0B
61
40
00
00
00
00
00
08
0C
60
00
FB
00
60
00
60
00
F8
00
00
00
00
00
00
00
00
03
40
34
3C
43
44
43
05
C0
40
48
00
FF
40
40
00
42
58
42
00
00
00
00
00
00
38
40
64
40
42
00
34
3C
FC
47
60
00
65
17
62
60
40
06
40
60
00
80
03
1D
E6
64
06
00
34
80
80
80
00
00
40
00
00
34
3C
43
42
41
5C
10
40
61
40
40
40
CA
FC
40
61
C0
40
40
50
40
80
04
01
41
14
00
00
00
14
00
40
00
43
44
40
10
42
40
45
40
48
00
40
C0
60
04
40
42
62
58
42
40
E1
70
40
63
64
03
00
60
00
14
42
FF
61
10
80
03
FA
00
03
04
45
07
20
0B
00
33
00
00
03
32
00
00
03
2A
08
80
05
FB
20
48
4C
70
40
16
40
80
48
80
07
FB
49
06
09
40
00
00
00
FF
00
63
00
63
60
00
49
50
47
47
03
22
00
40
60
00
40
12
10
FF
80
02
FC
40
FF
00
80
D0
44
02
80
0B
00
45
05
07
15
00
F0
65
64
05
C0
C0
C0
00
E0
41
46
05
41
10
02
08
C0
02
00
00
C8
F1
0B
40
00
41
40
20
49
20
03
00
E0
FF
01
6D
6E
0A
80
44
80
04
05
0B
40
00
40
92
80
0B
2C
00
01
02
01
FF
4C
03
46
69
00
00
02
04
49
00
00
4D
FF
42
C0
C0
4B
00
03
00
02
3E
02
01
03
45
44
08
C0
C0
04
00
00
80
2A
01
00
00
40
21
40
23
60
09
00
14
01
46
06
04
00
01
30
10
43
04
00
0C
29
44
07
00
03
00
08
80
05
04
00
C0
F0
60
28
60
40
00
60
01
20
00
00
40
28
00
60
09
00
00
80
E1
05
40
00
06
10
0B
11
00
FF
20
02
FC
21
64
44
00
80
FF
00
20
FC
44
65
00
00
FD
00
EE
44
00
FF
00
20
00
10
40
00
00
20
03
10
20
00
80
00
00
08
00
00
00
00
00
43
6F
00
F2
00
18
00
00
1F
80
00
00
00
00
00
00
00
00
10
02
11
40
FE
02
40
44
40
E0
4F
4F
66
80
00
00
00
00
00
00
00
00
18
40
03
A2
05
6E
9D
00
00
64
04
00
18
00
FF
66
02
43
4F
80
60
60
60
60
60
60
60
EF
00
CA
00
00
00
00
05
40
00
06
10
0B
11
00
00
FF
20
04
FB
45
20
00
80
05
05
FA
05
01
00
6C
4F
60
40
42
04
40
00
00
A7
80
20
FD
40
05
20
FD
40
80
80
80
65
80
80
40
00
FF
80
80
80
80
80
00
02
66
FF
FF
18
80
F8
00
C0
4F
4F
47
00
00
00
00
00
00
00
00
00
00
00
04
00
00
47
48
02
65
00
4F
4F
10
05
11
00
FE
00
20
FD
02
00
00
00
1D
02
44
40
80
80
80
60
45
80
18
80
27
00
00
00
00
00
00
3E
27
27
80
FE
00
68
4F
00
47
48
A2
05
40
00
06
10
0B
04
40
00
00
05
40
00
06
10
0B
11
00
00
00
10
00
20
FC
11
06
00
80
00
00
08
00
01
40
7F
FF
02
00
FE
40
00
00
06
01
00
80
44
44
44
04
25
45
DC
05
40
00
06
10
0B
00
00
00
00
0B
00
00
10
FF
22
80
00
F2
08
80
18
26
80
27
27
80
FE
F3
00
01
00
FE
00
28
80
F1
F9
00
02
00
00
63
00
6F
50
45
41
46
69
00
58
00
41
32
6E
30
46
33
73
65
78
78
78
78
78
78
78
54
30
30
00
30
78
32
78
78
33
65
69
30
32
0D
63
00
73
65
2E
0A
48
6F
65
3A
68
20
20
74
69
00
65
20
74
0A
64
6F
0A
64
6F
0A
70
73
72
63
62
75
0A
64
65
00
61
6A
00
00
00
00
00
00
00
00
00
00
00
00
00
00
00
00
00
00
00
00
00
00
00
00
00
00
00
00
00
00
00
00
00
4F
50
50
46
4C
0A
0D
1F
26
32
37
57
58
58
58
58
59
00
00
00
00
00
00
00
02
00
00
00
04
00
00
00
00
00
00
00
00
00
00
00
00
00
00
00
03
00
00
00
00
00
00
00
01
00
00
00
00
00
00
00
00
00
00
00
01
00
00
00
FF
00
00
00
00
00
00
00
00
00
00
00
00
00
00
00
00
00
00
00
00
00
00
00
00
00
00
00
00
00
00
00
00
00
00
00
00
00
00
00
00
00
00
00
00
00
00
00
00
00
00
00
00
00
00
00
00
00
00
00
00
00
00
00
00
00
00
00
00
00
00
00
00
00
00
00
00
00
00
00
00
00
00
00
00
00
00
00
00
00
00
00
00
00
00
00
00
00
00
00
00
00
00
00
00
00
00
00
00
00
00
00
00
00
00
00
00
00
00
00
00
00
00
00
00
00
00
00
00
00
00
00
00
00
00
00
00
00
00
00
00
00
00
00
00
00
00
00
00
00
00
00
00
00
00
00
00
00
00
00
00
00
00
00
00
00
00
00
00
00
00
00
00
00
00
00
00
00
00
00
00
00
00
00
00
00
00
00
00
00
00
00
00
00
00
00
00
00
00
00
00
00
00
00
00
00
00
00
00
00
00
00
00
00
00
00
00
00
00
00
00
00
00
00
00
00
00
00
00
00
00
00
00
00
00
00
00
00
00
00
00
00
00
00
00
00
00
00
00
00
00
00
00
00
00
00
00
00
00
00
00
00
00
00
00
00
00
00
00
00
00
00
00
00
00
00
00
00
00
00
00
00
00
00
00
00
00
00
00
00
00
00
00
00
00
00
00
00
00
00
00
00
00
00
00
00
00
00
00
00
00
00
00
00
00
00
00
00
00
00
00
00
00
00
00
00
00
00
00
00
00
00
00
00
00
00
00
00
00
00
00
00
00
00
00
00
00
00
00
00
00
00
00
00
00
00
00
00
00
00
00
00
00
00
00
00
00
00
00
00
00
00
00
00
00
00
00
00
00
00
00
00
00
00
00
00
00
00
00
00
00
00
00
00
00
00
00
00
00
00
00
00
00
00
00
00
00
00
00
00
00
00
00
00
00
00
00
00
00
00
00
00
00
00
00
00
00
00
00
00
00
00
00
00
00
00
00
00
00
00
00
00
00
00
00
00
00
00
00
00
00
00
00
00
00
00
00
00
00
00
00
00
00
00
00
00
00
00
00
00
00
00
00
00
00
00
00
00
00
00
00
00
00
00
01
00
00
00
00
00
00
00
00
00
00
00
00
00
00
00
00
00
00
00
00
00
00
00
00
00
00
00
00
00
00
00
00
00
00
00
00
00
00
00
00
00
00
00
56
00
00
00
00
00
00
00
00
00
00
00
00
00
00
00
00
00
00
00
00
00
00
00
00
00
00
00
00
00
00
00
00
00
00
00
00
00
00
00
00
00
00
00
00
00
00
00
00
00
00
00
00
00
00
00
00
00
00
00
00
00
00
00
00
00
00
00
00
00
00
00
00
00
00
00
00
00
00
00
00
00
00
00
00
00
00
00
00
00
00
00
00
00
00
00
00
00
00
00
00
00
00
00
00
00
00
00
00
00
00
00
00
00
00
00
00
00
00
00
00
00
00
00
00
00
00
00
00
00
00
00
00
00
00
00
00
00
00
00
00
00
00
00
00
00
00
00
00
00
00
00
00
00
00
00
00
00
00
00
00
00
00
00
00
00
00
00
00
00
00
00
00
00
00
00
00
00
00
00
00
00
00
00
00
00
00
00
00
00
00
00
00
00
00
00
00
00
00
00
00
00
00
00
00
00
00
00
00
00
00
00
00
00
00
00
00
00
00
00
00
00
00
00
00
00
00
00
00
00
00
00
00
00
00
00
00
00
00
00
00
00
00
00
00
00
00
00
00
00
00
00
00
00
00
00
00
00
00
00
00
00
00
00
00
00
00
00
00
00
00
00
00
00
00
00
00
00
00
00
00
00
00
00
00
00
00
00
00
00
00
00
00
00
00
00
00
00
00
00
00
00
00
00
00
00
00
00
00
00
00
00
00
00
00
00
00
00
00
00
00
00
00
00
00
00
00
00
00
00
00
00
00
00
00
00
00
00
00
00
00
00
00
00
00
00
00
00
00
00
00
00
00
00
00
00
00
00
00
00
00
00
00
00
00
00
00
00
00
00
00
00
00
00
00
00
00
00
00
00
00
00
00
00
00
00
00
00
00
00
00
00
00
00
00
00
00
00
00
00
00
00
00
00
00
00
00
00
00
00
00
00
00
00
00
00
00
00
00
00
00
00
00
00
00
00
00
00
00
00
00
00
00
00
00
00
00
00
00
00
00
00
00
00
00
00
00
00
00
00
00
00
00
00
00
00
00
00
00
00
00
00
00
00
00
00
00
00
00
00
00
00
00
00
00
00
00
00
00
00
00
00
00
00
00
00
00
00
00
00
00
00
00
00
00
00
00
00
00
00
00
00
00
00
00
00
00
00
00
00
00
00
00
00
00
00
00
00
00
00
00
00
00
00
00
00
00
00
00
00
00
00
00
00
00
00
00
00
00
00
00
00
00
00
00
00
00
00
00
00
00
00
00
00
00
00
00
00
00
00
00
00
00
00
00
00
00
00
00
00
00
00
00
00
00
00
00
00
00
00
00
00
00
00
00
00
00
00
00
00
00
00
00
00
00
00
00
00
00
00
00
00
00
00
00
00
00
00
00
00
00
00
00
00
00
00
00
00
00
00
00
00
00
00
00
00
00
00
00
00
00
00
00
00
00
00
00
00
00
00
00
00
00
00
00
00
00
00
00
00
00
00
00
00
00
00
00
00
00
00
00
00
00
00
00
00
00
00
00
00
00
00
00
00
00
00
00
00
00
00
00
00
00
00
00
00
00
00
00
00
00
00
00
00
00
00
00
00
00
00
00
00
00
00
00
00
00
00
00
00
00
00
00
00
00
00
00
00
00
00
00
00
00
00
00
00
00
00
00
00
00
00
00
00
00
00
00
00
00
00
00
00
00
00
00
00
00
00
00
00
00
00
00
00
00
00
00
00
00
00
00
00
00
00
00
00
00
00
00
00
00
00
00
00
00
00
00
00
00
00
00
00
00
00
00
00
00
00
00
00
00
00
00
00
00
00
00
00
00
00
00
00
00
00
00
00
00
00
00
00
00
00
00
00
00
00
00
00
00
00
00
00
00
00
00
00
00
00
00
00
00
00
00
00
00
00
00
00
00
00
00
00
00
00
00
00
00
00
00
00
00
00
00
00
00
00
00
00
00
00
00
00
00
00
00
00
00
00
00
00
00
00
00
00
00
00
00
00
00
00
00
00
00
00
00
00
00
00
00
00
00
00
00
00
00
00
00
00
00
00
00
00
00
00
00
00
00
00
00
00
00
00
00
00
00
00
00
00
00
00
00
00
00
00
00
00
00
00
00
00
00
00
00
00
00
00
00
00
00
00
00
00
00
00
00
00
00
00
00
00
00
00
00
00
00
00
00
00
00
00
00
00
00
00
00
00
00
00
00
00
00
00
00
00
00
00
00
00
00
00
00
00
00
00
00
00
00
00
00
00
00
00
00
00
00
